875724,1219314
1219314,1624599
1624599,1668584
1668584,2267184
2267184,4378391
4378391,5122443
5122443,5378369
5378369,5680669
5680669,8003859
8003859,8172612
8172612,8607269
879619,1345545
1345545,3849023
3849023,4221562
4221562,5006531
5006531,5944195
5944195,6868778
6868778,7559231
7559231,9144640
9144640,9747887
422658,924276
924276,1539780
1539780,1748767
1748767,3849023
3849023,4810285
4810285,5156051
5156051,6733377
6733377,7924168
7924168,8043584
8043584,9346024
519007,1464367
1464367,1940503
1940503,3147266
3147266,3512776
3512776,3897666
3897666,4341521
4341521,4671122
4671122,7787911
7787911,7831428
7831428,7994224
7994224,8773669
8773669,8904624
8904624,9332076
9332076,9798635
9798635,9823603
477007,3849023
3849023,4864868
4864868,5104207
5104207,7298086
7298086,7668108
7668108,8854193
8854193,9310318
9310318,9346024
9346024,9903158
9903158,9919866
877069,2010964
2010964,2922749
2922749,5147734
5147734,5395799
5395799,5555992
5555992,7542927
7542927,9875159
265444,924276
924276,1152023
1152023,3683732
3683732,4014510
4014510,4694326
4694326,5145379
5145379,5872053
5872053,6414201
6414201,7000535
7000535,8043584
8043584,9043350
1167643,1204725
1204725,1731843
1731843,4703479
4703479,4832581
4832581,5148489
5148489,5680669
5680669,6609486
6609486,8403369
8403369,8411386
8411386,8430533
1108653,1891858
1891858,2269245
2269245,2418903
2418903,2619822
2619822,3329325
3329325,7217524
7217524,8798873
266588,2358636
2358636,3113676
3113676,3243187
3243187,3617088
3617088,4241366
4241366,4338993
4338993,5702560
5702560,6251379
6251379,7245893
7245893,7696213
7696213,8358595
8358595,8738143
8738143,8849245
200004,3043273
3043273,3066980
3066980,3152604
3152604,3683732
3683732,5145379
5145379,8778045
8778045,8927740
8927740,8976229
3097495,4923066
4923066,5122229
5122229,9340065
237334,2520300
2520300,4059788
4059788,7795466
7795466,8635051
8635051,8925957
8925957,9346024
391168,1410666
1410666,2063291
2063291,3771538
3771538,4038207
4038207,4460853
4460853,4673764
4673764,5040278
5040278,5141938
5141938,6102084
6102084,6342564
6342564,6703678
6703678,6772906
6772906,6806907
6806907,9436501
237334,244338
244338,252651
252651,1671752
1671752,1745047
1745047,2159571
2159571,3043273
3043273,4601969
4601969,5363361
5363361,6000063
6000063,6297224
6297224,6375308
6375308,6566917
6566917,7781294
7781294,7845220
7845220,8006303
8006303,9710749
2475849,3097495
3097495,4624529
4624529,7547133
7547133,8500608
8500608,9725401
9725401,9835561
9835561,9934607
3252701,3612088
3612088,4167809
4167809,4574896
4574896,8827280
8827280,8950453
266588,865652
865652,2873241
2873241,4338993
5702560,6297224
6297224,6300974
6300974,7586194
7586194,9343673
9343673,9661339
9661339,9710749
4702729,6734406
6734406,9934607
692000,3070681
3070681,3801387
3801387,4114200
4114200,5141972
5141972,7552513
7552513,9519922
2088931,3658928
3658928,3897666
3897666,5319670
5319670,6064879
6064879,8430533
8430533,9903158
1523986,1742449
1742449,2505504
2505504,3058789
3058789,4179970
4179970,5363361
5363361,5610976
5610976,6080932
6080932,6944526
6944526,7244915
7244915,7359494
7359494,8247566
1072937,1204725
1204725,1468294
1468294,1731843
1731843,4470855
4470855,4601672
4601672,4831795
4831795,5692282
5692282,6868778
6868778,7854112
7854112,8430533
8430533,9709506
9709506,9817298
519007,1607835
1607835,3512776
3512776,7787911
7787911,8015555
8015555,9227021
9227021,9250604
9250604,9332076
1530044,2251185
2251185,2995345
2995345,6107824
6107824,6135695
6135695,6251379
6251379,7707520
7707520,8843242
8843242,8849245
8849245,9436501
9436501,9659167
1325310,3043273
3043273,4533208
4533208,5273972
5273972,5363361
5363361,7781294
7781294,8591113
8591113,8927740
8976229,9673235
1057049,1693740
1693740,2149268
2149268,2781716
2781716,2870905
2870905,4014227
4014227,4601672
4601672,5212441
5212441,7854112
7854112,8207725
8207725,9709506
778726,1262168
1262168,1938482
1318687,2014824
2014824,3849023
3849023,4601672
4601672,4697645
4697645,4801259
4801259,4810285
5156051,6857715
6857715,9445859
558615,2156620
2156620,3414611
358935,519007
519007,1325310
1325310,1951003
1951003,2125211
2125211,2520300
2520300,2641668
2641668,3300137
3300137,3512776
7787911,7795466
7795466,8925957
8925957,9332076
762581,2520300
2520300,3459723
3459723,5311138
5311138,5513784
5513784,6249996
6249996,7000535
7000535,7795466
8925957,9043350
9043350,9489898
1330674,3043002
3043002,3305953
3305953,4241366
4241366,4591446
4591446,7151693
7151693,8500608
8500608,9835561
1607835,3852137
3852137,6767666
6767666,7224971
7224971,7942267
7942267,8015555
8015555,8376714
8376714,9227021
3849023,3972906
3972906,5162198
5162198,5426871
5426871,9346024
154675,5122443
5122443,8172612
8172612,8971732
8971732,9030050
1468294,2173800
2173800,2174173
2174173,2653201
2653201,3658928
3658928,6813857
6813857,7607295
7607295,7647557
7647557,8430533
265444,543005
543005,1335504
1335504,4456681
4456681,4643536
4643536,4694326
4694326,5872053
5872053,5951354
5951354,6414201
6414201,7418419
7418419,7512263
7512263,8500608
8500608,9379021
9379021,9835561
983293,2204378
2204378,4190023
4190023,6619487
6619487,7904595
7904595,8852407
1983823,3207155
3207155,7442588
7442588,9081730
1726848,3535303
3535303,4601672
4601672,5300070
5300070,5934131
5934131,7854112
7854112,9176521
9176521,9709506
611627,1330674
1330674,3305953
3305953,3683228
3683228,4241366
4241366,7151693
7151693,8262635
8262635,9786994
1647759,3265717
3265717,3849023
3849023,4291060
4291060,4810285
4810285,5149575
5149575,5156051
5156051,9223996
356887,519007
519007,3512776
3512776,4241366
4241366,7787911
7787911,9798635
2390611,3243187
3243187,4509207
4509207,4831795
4831795,5426650
5426650,5803354
5803354,6004953
6004953,6249996
6249996,6472773
6472773,8608215
8608215,9235150
9235150,9446803
477007,1152023
1152023,2383124
2383124,4864868
5104207,7089769
7089769,7298086
356887,1671752
1671752,3054240
3054240,3858279
3858279,4408096
4408096,4536650
4536650,5302972
5302972,6566917
6566917,7555785
356887,1137183
1137183,3445422
3445422,4547033
4547033,4680901
4680901,5750950
5750950,6251379
6251379,6767666
7224971,7510992
7510992,7818855
7818855,8266483
8266483,8285249
8285249,8849245
1693740,2088931
2088931,2649455
2649455,4576622
4576622,4887974
4887974,6884295
6884295,7402672
7402672,8207725
8207725,9903158
2418903,3258796
3258796,4813350
4813350,4868166
4868166,5803354
5803354,5915173
5915173,6747510
6747510,7217524
7217524,7536559
7536559,7699467
7699467,7726391
7726391,7836648
7836648,9446803
9446803,9540883
2125211,2149268
2149268,2641668
2641668,2951820
2951820,3963034
3963034,4515495
4515495,4588183
4588183,6514085
6514085,6687135
6687135,7192114
1607835,2917043
2917043,5192264
5192264,6384073
6384073,7104728
7104728,8015555
8015555,8639747
8639747,9227021
1204725,5181345
5181345,5803354
5803354,6472773
6472773,7266270
7266270,7813331
7813331,8430533
8430533,9446803
9446803,9852901
1650896,2562158
2562158,3849023
3849023,4509207
4509207,5156051
5156051,7090502
2383124,5803354
5803354,7089769
7089769,7394277
7394277,9446803
2369711,3540785
3540785,4553156
4553156,5692282
5692282,6733377
6733377,6868778
6868778,7021819
7021819,7143185
7143185,7485355
7485355,7838446
7838446,9163121
9163121,9867106
3852137,4868166
4868166,6747510
6747510,7699467
7836648,8376714
8376714,8639747
8639747,9540883
917940,1100605
1100605,2204378
2204378,2516114
2516114,3147266
3147266,4383725
4383725,6619487
6619487,7379919
7379919,7904595
7904595,7994224
8773669,8852407
8852407,8904624
8904624,9611151
375772,2596035
2596035,3054240
3054240,3635162
3635162,3858279
3858279,5302972
5302972,7914737
7914737,8094554
8094554,9189489
9189489,9750362
1107723,3058789
3058789,3445422
3445422,5561624
5561624,7244915
7244915,7818855
7818855,8032149
8032149,8285249
865652,1335504
1335504,1435094
1435094,1468294
1468294,1933436
1933436,2544014
2544014,2873241
2873241,4601672
4601672,6165708
6165708,6300974
7586194,7854112
7854112,8162076
8162076,9566729
9566729,9661339
9661339,9709506
9709506,9890949
2922749,3043273
3043273,5147734
5147734,5555992
5555992,7021819
7143185,7512263
7512263,8283551
8283551,8927740
8976229,9163121
9163121,9379021
9379021,9867106
1057049,2173800
2173800,2781716
2781716,4014227
4014227,4574896
4574896,5212441
5212441,6300974
6300974,6747510
7836648,8827280
8827280,9540883
9540883,9661339
126394,865652
865652,1650896
2562158,2873241
2873241,4214833
4214833,4509207
4509207,5566811
5566811,5730446
5730446,6634166
6634166,7090502
7090502,7586194
7586194,9543366
1153231,2105527
2105527,2269245
2269245,6306362
6306362,7217524
7217524,8189158
8189158,8625526
213553,877069
877069,4110228
4110228,9156870
154675,4152500
4152500,4436309
4436309,5653106
5653106,6104826
6104826,6150853
6150853,8176685
8176685,8819211
8819211,8971732
2562158,4509207
4509207,6107824
6107824,7090502
7090502,8843242
8843242,9659167
20254,98060
98060,657480
657480,711494
711494,1934812
1934812,2150631
2150631,2339559
2339559,2557731
2557731,3006002
3006002,3112270
3112270,5148489
5148489,5235058
5235058,6383984
6383984,7425929
7425929,9149787
1010577,2475849
2475849,4868166
4868166,5692282
5692282,6316434
6316434,6747510
6747510,6868778
6868778,7181567
7181567,7217524
7217524,7451474
7451474,7699467
7836648,8559231
8559231,9540883
877069,2358636
3113676,4110228
4110228,7696213
692000,1345545
1345545,3801387
4114200,5141938
5141938,6733377
6733377,6772906
6806907,9747887
477007,4864868
5104207,7021819
7143185,7298086
8854193,9163121
1108653,2619822
2619822,2996603
2996603,3252701
3252701,3329325
3329325,3612088
4167809,8950453
356887,440787
440787,2801552
2801552,3348838
3348838,3710464
3710464,3978657
3978657,4664314
4664314,4729830
4729830,7709848
7709848,7861097
7861097,8510819
331912,1983823
3207155,3426819
3426819,6624409
6624409,7442588
356887,3445422
3445422,4553156
4553156,4831795
4831795,6304270
6304270,7729720
7729720,7991484
7991484,8285249
8285249,8287804
8287804,8768923
8768923,8806545
8806545,9235150
9235150,9817298
22443,1204725
1731843,3624679
3624679,8411386
8430533,8971732
642843,917940
917940,4450791
4450791,5675134
1107723,3589430
3589430,4341521
4341521,4440196
4440196,4671122
4671122,4703479
4703479,6688067
6688067,7831428
7831428,9823603
519007,1008425
1008425,1067064
1067064,2002245
2002245,2378426
2378426,3512776
3512776,4081353
4081353,5400142
5400142,7787911
7787911,8792966
8792966,9332076
564298,865652
865652,2543105
2543105,2873241
2873241,5273972
5273972,5680669
5680669,5945370
5945370,7586194
7586194,7942267
7942267,8315672
257150,341938
341938,1435094
1435094,1464367
1464367,1933436
1933436,5067054
5067054,7924168
7924168,9890949
1100605,1904687
1904687,2516114
2516114,3327656
3327656,3772492
3772492,4383725
4383725,5107156
5107156,6272792
6272792,6535859
6535859,7379919
7379919,7776951
7776951,8677445
8677445,9611151
657480,734601
734601,1891858
1891858,3821869
3821869,4437203
4437203,7220239
7220239,8269407
8269407,8304354
8304354,8798873
1152023,1201931
1201931,1512812
1512812,3741380
3741380,4014510
4014510,7039307
7039307,7699467
7699467,7824340
7824340,8019636
8019636,8358595
8358595,9919866
830730,1325459
1325459,2072738
2072738,2443023
2443023,3155711
3155711,3265717
3265717,3605088
3605088,4391428
4391428,5149575
5149575,6062683
6062683,8738143
8738143,9453579
3299026,3512776
3512776,4728000
4728000,5901841
5901841,7787911
7787911,9332076
9798635,9821288
3520728,6221718
6221718,6467661
6467661,9885003
287186,582416
582416,2159571
2159571,2246297
2246297,3198820
3198820,3520728
3520728,3799186
3799186,4372822
4372822,4408096
4408096,6221718
6221718,6375308
6375308,6467661
6467661,7845220
7845220,8299097
8299097,9885003
5363361,6664215
6664215,7668108
7668108,8054114
8054114,8495879
8495879,9098239
9098239,9710749
899868,2358636
3113676,3258796
3258796,3544228
3544228,4680901
4680901,4813350
4813350,4889516
4889516,5403563
5403563,5750950
5750950,5803354
5915173,7482803
7482803,7536559
7536559,7696213
8358595,9446803
9446803,9709506
253125,358935
358935,1951003
1951003,2358636
3113676,3265717
3265717,3300137
3300137,3523421
3523421,4589085
4589085,5149575
5149575,7696213
877069,1345545
1345545,4044047
4044047,4110228
4110228,4560119
4560119,6467661
6467661,6664215
6664215,7466511
7466511,7668108
7668108,7691059
7691059,9098239
9098239,9661339
9661339,9747887
9747887,9885003
2712802,3544228
3544228,4679849
4679849,5149575
5149575,5311138
5311138,6279078
6279078,6747510
6747510,6767666
6767666,7726391
7836648,9489898
9489898,9540883
375772,745175
745175,762581
762581,3635162
3635162,4343154
4343154,5637348
5637348,8094554
9189489,9482301
9482301,9750362
247334,657480
734601,1841603
1841603,2450631
2450631,3945513
3945513,4437203
4437203,4702729
4702729,5645259
5645259,5803354
6472773,7220239
7220239,8304354
8304354,9446803
346082,813026
813026,865652
865652,1298174
1298174,2456244
2456244,2873241
2873241,4927906
4927906,5840980
5840980,7586194
7586194,7682307
7682307,8937619
356887,668075
668075,944795
944795,1468294
1468294,2204378
2204378,6619487
7904595,8738143
8738143,8852407
8852407,8950453
8950453,9710749
9710749,9931508
98060,875724
875724,1934812
1934812,3112270
3112270,5235058
5235058,5680669
5680669,7425929
1204725,3852137
3852137,5181345
5181345,7266270
7813331,8376714
8376714,8430533
8430533,9852901
98096,257150
257150,278043
278043,1464367
1464367,5067054
5067054,5077258
5077258,6659932
6659932,6868778
6868778,7924168
7924168,7956475
7956475,8659741
8659741,9857492
519007,1158189
1158189,2557731
2557731,5235051
5235051,6383984
6383984,6517305
6517305,7989724
7989724,9962313
680167,1042239
1042239,1199701
1199701,3070681
3070681,3598614
3598614,3796601
3796601,4526802
4526802,6062683
6062683,6193090
6193090,6803838
6803838,7488214
7488214,8773669
8773669,9184768
9184768,9648954
20254,519007
519007,983293
983293,1010577
1010577,2339559
2339559,4190023
4190023,5148489
5148489,5311138
5311138,6249996
6249996,6767666
6767666,7181567
7217524,9149787
9149787,9310318
9310318,9903158
225398,243281
243281,706958
706958,877069
877069,3516180
3516180,4110228
4110228,4425430
4425430,5458500
5458500,7216299
253125,642255
642255,3523421
4589085,5639402
5639402,5707096
5707096,7726850
7726850,9543366
1137183,3043002
3043002,3265717
3265717,4547033
4547033,5149575
5149575,7377897
7377897,7510992
1607835,2875294
2875294,5692282
5692282,5803354
5803354,5872053
5872053,6472773
6472773,6868778
6868778,7873511
7873511,9446803
923877,1067064
1067064,2378426
2378426,4343154
4343154,4889516
4889516,5004204
5004204,5400142
5400142,5403563
5403563,5637348
5637348,6932487
6932487,7482803
7482803,8269407
918618,1236221
1236221,2358636
2358636,2495465
2495465,3113676
3113676,5692282
5803354,5881209
5881209,6472773
6868778,7142204
7142204,7696213
7696213,7965597
7965597,8358595
1410666,2088931
2088931,3378288
3378288,4460853
4460853,5040278
5040278,5319670
5319670,5944195
5944195,6342564
6342564,6767666
6767666,7067335
7067335,7224971
7224971,7245893
7245893,7559231
7559231,9903158
1107723,1158189
1158189,1192809
1192809,3376788
3376788,4440196
4440196,4629334
4629334,4703479
4703479,6087878
6087878,6688067
6688067,6702966
6702966,7690175
7690175,9931508
1742449,5610976
5610976,6944526
564298,1330674
1330674,2543105
2543105,2917043
2917043,3305953
4241366,5192264
5192264,5680669
5945370,6384073
6384073,7151693
7151693,7942267
243281,5680669
6609486,7216299
7216299,8403369
4341521,5363361
5363361,6302530
6302530,7298386
7298386,7781294
7781294,7922642
7922642,8185016
8185016,8288259
8288259,8620166
8620166,8648491
1204725,2105527
2105527,4560119
4560119,5181345
5181345,6107824
6107824,7266270
7266270,7691059
7691059,7813331
8430533,8495879
8495879,8843242
9659167,9661339
9710749,9852901
1607835,3243187
3243187,3704975
3704975,5426650
5426650,7699467
7699467,7749502
7749502,8015555
8015555,8547708
8547708,9227021
9250604,9847414
564298,1008425
1008425,1204725
1204725,2002245
2002245,2544014
2544014,3886700
3886700,4081353
4081353,5181345
7266270,7359494
7359494,7382085
7382085,7693415
7693415,7813331
7813331,7942267
7942267,8430533
98060,1345545
1345545,1934812
5235058,7425929
7425929,9747887
154675,762581
762581,2358636
2358636,2520300
2520300,3113676
3113676,4533208
5273972,7696213
7696213,7795466
7795466,8358595
8358595,8591113
8591113,8925957
8925957,8971732
9030050,9673235
4044047,5141938
5141938,6772906
6806907,7466511
2917043,3544228
3544228,4624529
4624529,4679849
5149575,5192264
5192264,6279078
6279078,6384073
6384073,9934607
2204378,2570976
2570976,2636768
2636768,3265249
3265249,4425430
4425430,4576622
4576622,5513784
5513784,5618684
5618684,6027630
6027630,6619487
2562158,3540785
3540785,4509207
4509207,4553156
4553156,7090502
7090502,7485355
7485355,8288259
1260245,2917043
2917043,6384073
6384073,9347225
782585,959048
959048,1107723
1107723,2265941
2265941,5656560
5656560,6360953
6360953,7023631
7023631,8444503
8444503,8527380
3113676,3445422
3445422,3849023
5156051,7696213
7696213,7722060
7722060,7818855
7818855,8285249
8285249,8358595
8358595,9346024
67590,1650896
4509207,5122443
5122443,5680669
5680669,7090502
7090502,7729720
7729720,8172612
8172612,8768923
981232,5681120
5681120,6738417
6738417,6976631
6976631,9927060
2653201,4257391
4257391,4284537
4284537,5692282
5692282,6813857
6813857,6868778
6868778,7607295
7607295,7861097
1345545,2088931
2088931,2911504
2911504,3043002
3043002,4530489
4530489,5319670
5319670,5513784
5513784,8500608
8500608,9747887
9747887,9835561
9835561,9903158
4560119,4574896
4574896,7691059
7691059,8827280
8827280,9661339
1219314,2267184
4378391,5363361
5363361,7668108
7668108,7781294
7781294,8003859
8003859,8607269
1219314,1318687
2014824,2267184
4378391,4697645
4801259,6080932
6080932,6857715
6857715,7924168
7924168,8003859
8003859,8247566
8247566,8607269
8607269,9445859
1512812,6107824
6107824,7824340
7824340,8843242
769425,1158189
1158189,1668584
1668584,1748767
1748767,3365500
3365500,5235051
5235051,5912990
5912990,7924168
7924168,8019636
1107723,1330674
1330674,2269245
2418903,3305953
4241366,5561624
5561624,7151693
7151693,7217524
7217524,8032149
2995345,6135695
6135695,7707520
7707520,9436501
981232,1888166
1888166,2315669
2315669,3147266
3147266,3258796
4813350,5803354
5915173,6738417
6976631,7536559
7536559,7994224
8904624,9446803
9446803,9927060
74511,2208294
2208294,2911504
2911504,3210508
3210508,4530489
4530489,6441487
6441487,7668108
7668108,8075785
8075785,8792966
8792966,9343673
9343673,9527981
4408096,4633468
4633468,4729830
4729830,5179026
5179026,5692282
6868778,7249689
7249689,7638302
7638302,8211005
8211005,8924370
8924370,9931508
642255,2010964
2010964,4868166
4868166,5395799
5395799,5639402
5639402,6747510
6747510,7542927
7542927,7699467
7726391,9875159
2002245,2302844
2302844,3683732
3683732,4081353
4081353,4385284
4385284,5145379
5145379,7142204
7142204,9310318
9310318,9550749
9550749,9903158
1410666,4460853
4460853,4574896
4574896,5040278
5040278,6297224
6297224,6342564
6342564,7668108
7668108,8827280
589303,1330674
1330674,1860732
1860732,2076107
2076107,3154507
3154507,3305953
4241366,5235051
5235051,6954518
6954518,7151693
7151693,8405046
1236221,2495465
2495465,3258796
5915173,7536559
7536559,9446803
1410666,2450631
2450631,2641668
2641668,3682518
3682518,4186160
4186160,4460853
5040278,6080932
6080932,6342564
6342564,6456722
6456722,8247566
8247566,9156870
130719,557193
557193,5122229
5122229,8957255
8957255,9340065
9340065,9590073
923877,2063291
3771538,4343154
5637348,6703678
6703678,9482301
252651,923877
923877,1410666
1410666,4343154
4343154,4460853
4460853,4601969
4601969,5637348
5637348,6000063
6000063,6342564
7224971,9482301
865652,2302844
2302844,2873241
2873241,4385284
4385284,4601672
4601672,7142204
7142204,7586194
7854112,9550749
9550749,9709506
706958,1820385
1820385,2010964
2010964,3516180
3516180,3617088
3617088,4682058
4682058,5395799
5395799,7216299
7216299,7244915
7244915,7318233
7318233,7512825
7512825,7542927
237100,899868
899868,1287452
1287452,1761713
1761713,3155711
3155711,3572261
3572261,3605088
3605088,4889516
5403563,7482803
356887,1410666
1410666,2208294
2208294,2276715
2276715,4059788
4059788,4460853
5040278,5692282
5692282,6342564
6342564,6868778
6868778,7668108
7668108,8150021
8150021,8792966
346082,1008425
1008425,1624599
1624599,2002245
2002245,2606795
2606795,4081353
4081353,5840980
5840980,6251379
6251379,6625093
6625093,8400100
8400100,8849245
1059680,7021819
7143185,8132688
8132688,9163121
9163121,9661339
9661339,9867106
1252050,1650896
2562158,2570976
2636768,3036481
3036481,4509207
4509207,4576622
4576622,6027630
6027630,6420452
6420452,7090502
154675,225398
225398,3043002
3043002,4257391
4284537,4425430
4425430,5188912
5188912,5273972
5273972,5707096
7726850,7861097
7861097,8315672
8315672,8500608
8500608,9030050
9030050,9543366
9543366,9835561
734601,875724
875724,1624599
1624599,4437203
4437203,5680669
5680669,7220239
923877,2917043
2917043,4343154
4343154,5192264
5192264,5363361
5363361,5637348
5637348,6384073
6384073,7493456
7493456,7781294
7781294,9482301
9482301,9747887
9747887,9931508
1731843,8269407
8269407,8411386
1983823,2269245
2418903,3207155
3426819,7217524
7217524,7249689
7249689,7442588
7442588,7638302
8924370,9081730
9081730,9931508
2204378,2922749
5555992,6619487
3265249,3827532
3827532,4257391
4425430,5618684
5618684,6080932
6080932,7552513
7552513,7861097
7861097,8247566
8247566,8362967
8362967,8495879
8495879,9519922
543005,1152023
1152023,3147266
3147266,3254407
3254407,3821869
3821869,4014510
4014510,4470855
4470855,5004204
5004204,6248059
6248059,6517305
6517305,6932487
6932487,7989724
7989724,7994224
7994224,8269407
8269407,8773669
925554,1063944
1063944,2159571
2159571,2390353
2390353,2951820
4515495,4703479
4703479,5145379
5145379,6375308
6375308,6514085
6514085,6796907
6796907,7192114
7192114,7845220
7845220,8806545
74511,1330674
7151693,8266483
8266483,9343673
923877,4343154
5637348,6300974
6300974,9482301
9482301,9566729
20716,317056
317056,413819
413819,481097
481097,519007
519007,2683625
2683625,3072241
3072241,3243187
3243187,3520728
3520728,3617088
3617088,3714305
3714305,5082395
5082395,6221718
6221718,6396603
6396603,6467661
6467661,7431693
7431693,7899168
7899168,9885003
375772,391168
391168,875724
875724,1410666
1410666,1624599
1624599,2649455
2649455,3635162
3635162,4266141
4266141,4460853
5040278,5680669
5680669,6102084
6342564,6965336
6965336,7690175
7690175,9189489
762581,899868
899868,3258796
5403563,5803354
7536559,7854112
7854112,8611689
8611689,9446803
519007,642255
642255,813026
813026,877069
877069,1298174
2456244,3714305
3714305,4110228
4110228,4927906
4927906,5639402
5639402,6396603
6396603,7682307
7682307,7899168
7899168,8937619
1067064,1107723
1107723,1204725
1731843,2208294
2208294,2254113
2254113,3154507
3154507,5561624
5561624,7668108
7668108,8032149
8032149,8411386
8430533,8792966
519007,1748767
1748767,4728000
4728000,5680669
5680669,7181567
7217524,7924168
7924168,9821288
723795,1204725
1204725,3704975
3704975,5181345
5181345,6064879
6064879,7266270
7813331,8145157
8145157,8269407
8269407,8430533
8430533,8547708
8547708,9852901
317494,519007
519007,875724
875724,1236221
1236221,1624599
1624599,2495465
2495465,2990125
2990125,3884739
3884739,5680669
5680669,9962313
252651,877069
877069,1410666
1410666,2269245
2418903,4110228
4110228,4460853
4601969,5040278
5040278,6000063
6000063,6300974
6300974,6342564
6342564,7217524
7217524,9931508
899868,1152023
1152023,1888166
2315669,2383124
2383124,4889516
5403563,7089769
7089769,7482803
938919,1072937
1072937,2712802
2712802,4470855
4470855,6320510
6320510,6767666
6767666,7249689
2125211,2641668
2641668,2911504
2911504,3520728
3520728,4530489
4530489,6221718
213553,875724
875724,918618
918618,1624599
1624599,3736288
3736288,5680669
5680669,5881209
5881209,6165708
6165708,7142204
7142204,7831428
7831428,7965597
7965597,8169346
8169346,8199539
243281,2269245
2418903,7216299
7216299,7217524
1152023,2159571
2159571,2383124
2383124,6375308
6375308,7089769
7089769,7845220
3119860,6213056
6213056,8653067
969347,2269245
2418903,2519664
2519664,3159236
3159236,5940630
5940630,5962281
5962281,7217524
7217524,7245893
7245893,7860355
7860355,8541748
8541748,9056360
74511,3043002
3043002,3210508
3210508,4533208
4533208,6441487
6441487,7023631
7023631,7739690
7739690,8075785
8075785,8077789
8077789,8444503
8444503,8500608
8500608,8591113
8591113,8924370
8924370,9343673
9527981,9835561
257150,1464367
1464367,3043002
3043002,5067054
5067054,5707096
5707096,6251379
6251379,7726850
7726850,7924168
7924168,8500608
8500608,8849245
8849245,9543366
762581,3210508
3210508,3300137
3300137,6329646
6329646,6441487
6441487,6482416
6482416,7481663
7481663,7493456
7493456,8075785
8075785,8611689
8611689,9250604
9250604,9527981
9527981,9931508
243281,761870
761870,3682518
3682518,4460853
4460853,4553156
4553156,6304270
6304270,6748343
6748343,7023631
7023631,7991484
7991484,8287804
8287804,8444503
8444503,8806545
8806545,9156870
642255,1201931
1512812,2475849
2475849,3154507
3154507,3210508
3210508,5639402
5639402,6441487
6441487,7451474
7451474,7824340
7824340,8075785
8075785,9527981
126394,266588
266588,1260245
1260245,2159571
2159571,2917043
2917043,3036481
3036481,4214833
4214833,5702560
5702560,6375308
6375308,6384073
6384073,6420452
6420452,9347225
1008425,4142625
4142625,6304270
6304270,6665226
6665226,7991484
8287804,9260359
346082,2358636
2358636,2606795
2606795,3113676
3113676,5840980
5840980,6625093
6625093,7696213
8358595,8400100
477007,657480
734601,983293
983293,1891858
1891858,4437203
4437203,4624529
4624529,4864868
5104207,7220239
7220239,7298086
7668108,8304354
8798873,8854193
8854193,9934607
519007,1110841
1110841,1239705
1239705,1410666
1410666,3520728
3520728,4460853
5040278,6040403
6040403,6342564
6342564,6467661
6467661,7787911
9798635,9885003
98060,1934812
1934812,3070681
3070681,3112270
3112270,4435223
4435223,5141972
5141972,5235058
7425929,7552513
1204725,1624599
1624599,5181345
5181345,5513784
5513784,7813331
7813331,9852901
346082,3119860
3119860,3243187
3617088,5692282
5803354,5840980
5840980,6165708
6165708,6213056
6213056,6248059
6248059,6316434
6316434,6472773
6868778,8559231
8559231,8653067
8653067,9446803
9446803,9661339
278043,4509207
4509207,8528902
8528902,8608215
8608215,8659741
5040278,6342564
1330674,1530044
2995345,3305953
4241366,6135695
6135695,7151693
7151693,7707520
519007,3445422
3445422,3512776
3512776,3605088
3605088,3658928
3658928,7647557
7647557,7787911
7787911,7818855
8285249,8430533
8430533,9332076
877069,923877
923877,2390611
2390611,4110228
4110228,4343154
5637348,8738143
8738143,9482301
1057049,1940503
1940503,2495465
2495465,2781716
2781716,3886700
3886700,4014227
4014227,5212441
5212441,7104728
7104728,8639747
865652,879619
879619,1204725
1731843,2873241
2873241,3909590
3909590,4221562
5006531,5803354
6472773,7586194
7586194,8411386
8430533,9144640
776885,1410666
2418903,3210508
3210508,3926067
3926067,3963387
3963387,4460853
5040278,6098411
6098411,6342564
6342564,6441487
6441487,7217524
7217524,8075785
8075785,9332393
9332393,9527981
632008,1647759
1647759,2072738
2072738,3265717
3265717,4291060
4291060,4391428
5149575,8310261
8310261,9223996
9223996,9235150
9235150,9453579
1671752,3043002
3043002,5591945
5591945,6080932
6080932,6566917
6566917,7012887
7012887,8054114
8054114,8247566
8247566,8500608
8500608,8560226
8560226,9835561
3529362,5311138
5311138,6107824
6107824,6249996
6249996,8843242
8843242,9489898
9489898,9659167
875724,1076695
1076695,1671752
1671752,4868166
4868166,5406955
5406955,6566917
6566917,6747510
7836648,9540883
908908,983293
983293,4190023
4190023,8858546
8858546,9368710
869426,1204725
1204725,4022816
4022816,5157717
5157717,7245893
7245893,7546675
7546675,8411386
1099685,3644791
3644791,3733553
3733553,5692282
6868778,7312403
7312403,9646605
2159571,6375308
6375308,7845220
266588,1650896
2562158,4470855
4470855,4509207
4576622,5702560
5702560,6107824
7090502,9659167
2873241,5513784
5513784,7586194
375772,1221080
1221080,3445422
3445422,3635162
3635162,3710464
3710464,4729830
4729830,7808450
7808450,7818855
7818855,8094554
8094554,8285249
8285249,9189489
720154,899868
899868,1008425
1008425,1530044
1530044,2002245
2002245,2251185
2251185,2530894
2530894,2995345
2995345,3043002
3043002,4081353
4081353,4889516
5403563,6135695
6135695,7482803
7482803,7707520
7707520,8500608
8500608,9436501
9436501,9835561
1650896,4509207
4509207,9817298
4868166,5642664
5642664,6747510
7836648,8400100
8400100,9035886
9035886,9540883
9540883,9867106
2204378,4340369
4340369,5956364
5956364,6234787
6234787,6619487
7904595,8036062
8036062,8852407
2269245,2302844
2302844,4385284
4385284,4533208
4533208,5944195
5944195,6949390
6949390,7142204
7142204,7217524
7217524,7559231
7559231,8591113
8591113,9550749
9550749,9673235
3305953,3849023
3849023,4241366
4241366,4810285
5156051,7151693
8266483,9346024
706958,2302844
2302844,3516180
3516180,4385284
4385284,6249996
6249996,7142204
7142204,7216299
7216299,9489898
9489898,9550749
126394,510423
510423,549222
549222,2650539
2650539,3454914
3454914,4496210
4496210,8529488
8529488,8739940
8739940,9540883
519007,1330674
1330674,1464863
1464863,2010964
2010964,3305953
4338993,5395799
5395799,5702560
5702560,7151693
7151693,7542927
7542927,9235150
9235150,9875159
9875159,9962313
762581,879619
879619,1551765
1551765,3909590
4221562,4700013
4700013,5006531
5006531,8269407
8269407,8611689
8611689,9144640
262378,642843
642843,1607835
1607835,1881166
1881166,2173800
2173800,3683732
3683732,4533208
5273972,5675134
5675134,6576157
6576157,8015555
8015555,8591113
8591113,8766093
8766093,9227021
9250604,9673235
9673235,9697885
1137183,1236221
1236221,2378426
2378426,2495465
2495465,3119860
3119860,4547033
4547033,6213056
6213056,7510992
7510992,8459986
8459986,8653067
1199701,3154507
3154507,3598614
3598614,4526802
4526802,4601672
4601672,6619487
6619487,6803838
6803838,7854112
7854112,7904595
7904595,9184768
9184768,9709506
1624599,2088931
2088931,5319670
5319670,5680669
5680669,8310261
8310261,9235150
9235150,9903158
959048,1072937
1072937,2265941
2265941,4470855
4470855,5656560
6360953,8527380
519007,2358636
3113676,3512776
3512776,4044047
4044047,7466511
7466511,7696213
7696213,7787911
7787911,8162076
8162076,8358595
8738143,9332076
1219314,1551765
1551765,2159571
2159571,2267184
4378391,4700013
4700013,6375308
7845220,8003859
8003859,8269407
8269407,8607269
8607269,9903158
519007,879619
879619,2339559
2339559,3154507
3154507,3978657
3978657,5006531
5006531,5148489
5148489,6608545
6608545,9386362
131254,1918632
1918632,2225983
2225983,2390611
2390611,2514372
2514372,6376742
6376742,7056676
237334,375772
375772,3054240
3635162,4536650
5302972,5363361
7781294,8006303
8006303,8094554
414613,611627
611627,1551765
1551765,3243187
3617088,3683228
3683228,4700013
4700013,8262635
8262635,8269407
8269407,9786994
2557731,3043002
3043002,3265249
5618684,6383984
6383984,6767666
7224971,8500608
1107723,1345545
1345545,2712802
2712802,4440196
4440196,6688067
6688067,6767666
6767666,8094554
9189489,9747887
9747887,9750362
1330674,1523986
2505504,3305953
4241366,5610976
6944526,7151693
3112270,3658928
3658928,5235058
7425929,7647557
375772,3520728
3520728,3635162
3635162,4831795
4831795,6467661
6467661,8094554
9750362,9817298
9817298,9885003
413819,1607835
1607835,1726848
1726848,2683625
3072241,3535303
3535303,5082395
5082395,5300070
5934131,7431693
7431693,9176521
9176521,9250604
2495465,2911504
2911504,4530489
4530489,4576622
4576622,7402672
692000,1365030
1365030,1401355
1401355,2078816
2078816,3036481
3036481,3038381
3038381,3376788
3376788,3801387
4114200,6080932
6080932,8247566
875724,969347
969347,1624599
1624599,2519664
3159236,3327656
3327656,5680669
5680669,5940630
5962281,6535859
6535859,7860355
8541748,8677445
8677445,9056360
3113676,8358595
923877,2010964
2010964,4343154
4343154,5395799
5395799,5637348
5637348,7542927
7542927,9482301
9482301,9875159
3736288,6329646
6329646,7831428
7831428,8169346
8169346,8310261
213553,720154
720154,875724
875724,917940
917940,1153231
1153231,1624599
1624599,2530894
2530894,4450791
4450791,5680669
5680669,6306362
6306362,6397039
6397039,7512263
7512263,8189158
8189158,8283551
8283551,8625526
8625526,9379021
1820385,2149268
2149268,2870905
2870905,3147266
3147266,4682058
4682058,5045711
5045711,7318233
7512825,7994224
7994224,8132688
8132688,8773669
1076695,1607835
1607835,2911504
2911504,3155711
3155711,4530489
4530489,5406955
5406955,6107824
6107824,8015555
8015555,8843242
8843242,9250604
9250604,9659167
4343154,4831795
4831795,5637348
5637348,8054114
8495879,9482301
9482301,9710749
9710749,9817298
243281,422658
422658,706958
706958,865652
865652,924276
924276,2873241
2873241,3516180
3516180,6733377
6733377,7021819
7143185,7216299
7216299,7586194
7586194,8043584
8043584,9163121
4641731,5146164
5146164,6107824
6107824,6611643
6611643,8162076
8162076,8843242
519007,3252701
3252701,3512776
3512776,3612088
4167809,4573491
4573491,7787911
7787911,8950453
8950453,8957255
8957255,9332076
9332076,9590073
9590073,9798635
969347,1650896
1650896,2519664
2519664,2562158
2562158,3159236
3159236,4509207
4509207,5940630
5962281,7090502
7090502,7860355
477007,3771538
3771538,4864868
5104207,6703678
6703678,7298086
9163121,9310318
9310318,9867106
9867106,9903158
519007,1072937
1072937,2450631
2450631,2557731
3043002,4254801
4254801,4470855
4470855,4700013
4700013,6383984
6383984,8269407
8269407,8500608
305990,2032044
2032044,6302530
7298386,7922642
8185016,9384693
9384693,9564562
9564562,9889679
2922749,5122229
5122229,5147734
5147734,5273972
5273972,5555992
5555992,5944195
5944195,7559231
7559231,7699467
7699467,9340065
9340065,9673235
1158189,4831795
4831795,4868166
4868166,5235051
5235051,6747510
9540883,9817298
582416,1189992
1189992,1395282
1395282,2246297
3198820,3799186
4408096,5909814
5909814,8288259
8288259,8299097
652500,1650896
1650896,2025652
2025652,2208294
2208294,2562158
4509207,6316434
6316434,7090502
7090502,7289826
7289826,7668108
7668108,8559231
8559231,8792966
8792966,9609378
1607835,8015555
477007,1158189
1158189,3544228
4680901,4864868
5104207,5235051
5235051,7298086
375772,1325310
1325310,3300137
3300137,3327656
3327656,3635162
3635162,5122229
5122229,6251379
6251379,6535859
6535859,8094554
8094554,8849245
8849245,9340065
9340065,9750362
939129,1345545
1345545,4340369
5956364,6062910
6062910,6234787
6234787,7021819
7143185,7425929
7425929,8036062
8036062,9163121
1410666,3445422
3849023,4460853
4460853,4810285
4810285,5040278
5040278,5156051
5156051,6342564
6342564,7818855
8285249,9346024
917940,3658928
3658928,3849023
3849023,7647557
8430533,9346024
969347,1410666
1410666,2519664
3159236,4460853
5040278,5940630
5962281,6342564
6342564,7860355
1199701,3598614
3598614,3978657
3978657,4526802
6193090,6608545
6608545,6803838
6803838,9184768
9184768,9386362
1464367,2378111
2378111,3254407
3254407,5067054
5067054,6517305
6517305,7924168
7924168,7989724
1192809,1410666
1410666,2276715
2276715,4460853
4460853,4629334
4629334,5040278
5040278,6087878
6087878,6342564
6342564,8150021
8150021,8405046
3036481,3265717
3849023,4641731
5146164,5149575
5149575,6420452
6420452,6611643
6611643,9346024
1624599,1671752
1671752,2302844
2302844,3119860
3119860,4385284
4385284,5680669
5680669,6213056
6213056,6566917
6566917,7142204
7142204,8653067
8653067,9550749
2641668,3741380
3741380,8019636
74511,265444
265444,1318687
1318687,1335504
1335504,4694326
4694326,4697645
4801259,6414201
6414201,6857715
6857715,9343673
2922749,4436309
4436309,4641731
5146164,5147734
5555992,5653106
5653106,6611643
6611643,8819211
266588,969347
969347,2125211
2125211,2519664
2519664,2641668
2641668,3159236
3159236,4591446
4591446,5702560
5702560,5940630
5962281,6107824
6107824,7860355
8541748,8738143
8738143,8843242
8843242,9056360
9056360,9659167
564298,2543105
2543105,3741380
3741380,3849023
5156051,5945370
5945370,6297224
6297224,7942267
7942267,8019636
1468294,3821869
3821869,6107824
6107824,6248059
6248059,8843242
519007,2208294
2276715,3154507
3154507,4633468
4633468,8792966
8792966,9962313
875724,1008425
2002245,2276715
2276715,4081353
4081353,5680669
5680669,5944195
7559231,8150021
1204725,1530044
1530044,1731843
1731843,2251185
2995345,4624529
4624529,6135695
6135695,7668108
7668108,7707520
7707520,8411386
8430533,9436501
9436501,9934607
879619,1607835
1607835,2125211
2641668,3683732
3683732,3849023
3849023,3858279
3858279,3909590
3909590,4043385
4043385,4221562
5006531,5145379
5145379,6249996
6249996,6316434
6316434,8559231
8559231,8694856
8694856,9144640
9144640,9489898
1468294,5803354
6472773,9903158
908908,3155711
3155711,3605088
4391428,5566811
5566811,6634166
6634166,8858546
9368710,9453579
9453579,9543366
2159571,6165708
6165708,6375308
205373,317494
317494,5919461
5919461,5928992
5928992,7986866
7986866,9294371
769425,1345545
1345545,1647759
3265717,3365500
3365500,4022816
4022816,4291060
4291060,5149575
5149575,5157717
5157717,6454855
6454855,9747887
1011862,1468294
1468294,2072738
2072738,3741380
3741380,4391428
4391428,4601969
4601969,5877029
5877029,6624695
6624695,8019636
8358595,9453579
9453579,9524295
481097,1335504
1335504,3714305
3714305,4460853
4553156,5273972
5273972,5392776
5392776,6165708
6165708,6396603
6396603,7899168
7899168,8806545
8806545,9673235
422658,477007
477007,877069
877069,924276
924276,4110228
4110228,4864868
5104207,6300974
6300974,6733377
6733377,7298086
8854193,9566729
257150,589303
589303,1464367
1464367,1748767
1748767,1860732
1860732,2302844
2302844,3154507
3154507,4385284
4385284,5067054
5067054,6954518
6954518,7142204
7142204,7924168
7924168,8939533
8939533,9550749
253125,652500
652500,3043273
3043273,3849023
3849023,5363361
7781294,8927740
8976229,9346024
6135695,6767666
7224971,7707520
154675,1067064
1067064,1410666
1410666,2378426
2378426,2437628
2437628,3252701
4167809,4460853
5040278,5400142
5400142,6342564
6342564,7000535
7000535,8950453
8950453,9030050
9030050,9043350
3849023,4438557
4438557,6452311
769425,1099685
1099685,3365500
3365500,3644791
3733553,6454855
6454855,7312403
7312403,8376714
8376714,9646605
3858279,6080932
6080932,7942267
7942267,8162076
8162076,8247566
8247566,8694856
74511,237334
237334,1435094
1435094,1933436
1933436,3683732
3683732,4396992
4396992,5145379
5145379,6576157
6576157,8006303
8006303,8766093
8766093,9343673
9343673,9890949
2105527,3265249
4425430,4574896
4574896,5618684
5618684,6249996
6249996,8827280
8827280,9489898
587924,830730
830730,1539780
1539780,1647759
1647759,1671752
1671752,2443023
2443023,2990125
2990125,3265717
3265717,3884739
3884739,4291060
6062683,7668108
7668108,9223996
2437628,3520728
3520728,5803354
5803354,6221718
6467661,6472773
6472773,6767666
6767666,9214534
9214534,9446803
899868,1189992
1189992,1204725
1731843,3045414
3045414,3327656
3327656,4889516
5403563,5909814
5909814,6535859
6535859,7482803
7482803,8288259
8288259,8411386
8430533,8677445
8677445,9901555
2383124,7089769
1551765,1983823
3426819,4700013
4700013,5273972
5273972,7442588
7442588,8269407
8269407,8591113
8591113,9081730
9081730,9673235
391168,2475849
2475849,4266141
4266141,5363361
5363361,6102084
6102084,6965336
6965336,7451474
7451474,7690175
7690175,9466083
2475849,3589430
3589430,4107005
4107005,5513784
5513784,6608545
6608545,7451474
7451474,8405046
399723,1748767
1748767,2383124
2383124,3540785
4553156,5432046
5432046,7089769
7089769,7485355
7485355,7586194
7586194,7924168
266588,4338993
4338993,5122229
5122229,5392776
5392776,5702560
5702560,8162076
8162076,8553127
20254,2208294
2208294,2339559
2339559,3210508
3210508,3243187
3243187,5148489
5148489,5426650
5426650,6441487
8792966,9527981
3070681,4435223
7552513,7668108
7668108,9519922
782585,2358636
2358636,3043002
3043002,3113676
3113676,7023631
7023631,7696213
8358595,9710749
9710749,9835561
375772,782585
782585,3635162
3635162,5639402
5639402,6316434
6316434,7377897
7377897,8094554
8094554,8559231
8559231,9189489
2873241,3445422
3445422,6107824
6107824,7586194
7586194,7818855
8285249,8843242
1063944,2173800
2174173,2390353
2390353,2653201
2653201,4910563
4910563,6813857
7607295,8837155
519007,3540785
3540785,3714305
3714305,4553156
4553156,6396603
6396603,7485355
7485355,7899168
7899168,8792966
3520728,3544228
3544228,3704975
3704975,4679849
5149575,6221718
6221718,6279078
6279078,6467661
6467661,7493456
7493456,7699467
7749502,8547708
8547708,9847414
9847414,9885003
9885003,9931508
981232,1137183
1137183,2269245
2418903,3119860
4547033,5681120
5681120,6213056
6213056,6738417
6976631,7021819
7143185,7217524
7217524,7510992
7510992,7699467
7699467,8653067
8653067,9163121
9867106,9927060
2922749,4450791
4450791,5147734
5555992,5692282
5692282,6080932
6080932,6868778
6868778,8247566
2204378,4408096
4408096,6619487
6619487,7555785
7555785,7904595
7904595,7942267
7942267,8852407
427346,657480
734601,2204378
2204378,3569299
3569299,4199845
4199845,4437203
4437203,4485094
4485094,5667140
5667140,6559867
6559867,6619487
6619487,7466511
7466511,7845220
7845220,7854112
7904595,8304354
8304354,8852407
879619,2437628
2437628,3909590
4221562,4664314
4664314,5006531
5006531,7861097
7861097,9144640
9144640,9214534
1668584,2967869
2967869,5378369
5378369,6379352
6379352,9389815
1325459,1410666
1410666,2162862
2162862,4460853
5040278,6062683
6062683,6342564
865652,1551765
1551765,4601969
4601969,4700013
4700013,6619487
6619487,7586194
7586194,7904595
7904595,8244425
8244425,8269407
8269407,8852407
346082,1551765
1551765,1731843
1731843,4700013
4700013,5840980
5840980,8269407
8411386,8971732
4574896,6302530
7298386,7691059
7691059,7922642
7922642,8827280
734601,2159571
2159571,4437203
4437203,6375308
6375308,7220239
7220239,7845220
7845220,8304354
3327656,4142625
4142625,4601672
4601672,6665226
6665226,7854112
7854112,9260359
9260359,9709506
20254,1204725
1204725,2339559
2339559,2475849
2475849,3043002
3043002,3658928
3658928,5148489
5148489,7359494
7359494,7451474
7451474,8411386
8430533,9149787
9149787,9835561
923877,1330674
4241366,4343154
5637348,7151693
7151693,9482301
692000,1983823
3426819,3801387
4114200,6165708
6165708,7394277
7394277,7442588
9081730,9903158
440787,1410666
1410666,3348838
3348838,3978657
3978657,4460853
5680669,6342564
6342564,6609486
6609486,7709848
7709848,8403369
8403369,8510819
762581,1607835
1607835,7000535
7000535,8015555
8015555,8611689
8611689,9043350
9043350,9227021
3858279,4536650
5302972,7359494
3617088,5004204
5004204,6932487
6932487,8269407
375772,389547
389547,2390611
2390611,3827532
3827532,6851650
6851650,7902239
7902239,8362967
8362967,9049611
9049611,9189489
9189489,9931508
2641668,3070681
3070681,5141972
5141972,5363361
5363361,7552513
7552513,7781294
7781294,9519922
265444,720154
720154,1335504
1335504,2530894
2530894,3704975
3704975,4694326
6414201,7143185
7143185,7699467
8547708,9163121
9163121,9847414
9847414,9867106
1607835,2204378
7904595,8015555
8015555,8852407
8852407,9227021
1345545,4266141
4266141,6102084
7690175,9747887
74511,632008
632008,632733
632733,2358636
3113676,4633468
4633468,5402955
5402955,7696213
7696213,7762072
7762072,8358595
8358595,9343673
519007,723795
723795,8145157
8269407,9332076
213553,225398
225398,4152500
4152500,4425430
5188912,5458500
5458500,6104826
6150853,6397039
6397039,7668108
7668108,8176685
3113676,7696213
1325459,2162862
2162862,2443023
2443023,6062683
1410666,1983823
3426819,4460853
6342564,7442588
632008,2204378
2204378,2450631
2450631,2712802
2712802,2967869
2967869,4254801
4254801,5402955
5402955,6619487
6619487,6767666
6767666,7762072
7762072,7904595
8852407,9343673
375772,1468294
1468294,3635162
3635162,5363361
6664215,8094554
8094554,9098239
9098239,9189489
2653201,6300974
6300974,6813857
7607295,9566729
252651,1167643
1167643,4601969
4601969,4825361
4825361,4832581
5148489,5692282
5692282,6000063
6000063,6868778
6868778,7245893
519007,657480
734601,1650896
2562158,3445422
3445422,3704975
3704975,4437203
4437203,4509207
4509207,7090502
7090502,7220239
7220239,7699467
7749502,8285249
8285249,8304354
8304354,8547708
9847414,9962313
657480,1785273
1785273,2378426
2378426,3154507
3154507,3155711
3605088,4437203
4485094,5400142
5400142,8304354
2072738,3886700
3886700,4391428
4391428,7382085
877069,1748767
1748767,2358636
2358636,2383124
2383124,3113676
7696213,7924168
7924168,8358595
8358595,8528646
253125,778726
1938482,2149268
2870905,3265717
3265717,4896196
4896196,5045711
5045711,5149575
5149575,6300974
6300974,7104728
8639747,8939533
8939533,9566729
243281,375772
375772,706958
706958,1494219
1494219,3516180
3516180,3524993
3524993,3635162
3635162,6887254
6887254,9189489
126394,652500
652500,782585
782585,1607835
1607835,2025652
2025652,2875294
2875294,4214833
4214833,5730446
5730446,5872053
5872053,6300974
6300974,7289826
7289826,7377897
7377897,7873511
7873511,9566729
877069,3054240
3858279,3886700
3886700,4110228
4110228,4536650
5302972,7382085
253125,865652
865652,875724
875724,2873241
2873241,3147266
3147266,3523421
4589085,7021819
7143185,7586194
7586194,7994224
8904624,9163121
1219314,1435094
1464367,1671752
1671752,2267184
4378391,8000788
8000788,8003859
8003859,8467968
8467968,8607269
8607269,9890949
2267184,2544014
2544014,4378391
4378391,5273972
5273972,5566811
5566811,6165708
6165708,6634166
6634166,7359494
7359494,8003859
8607269,9543366
9543366,9673235
286560,680167
680167,762581
762581,1042239
1042239,1748767
1748767,3070681
3070681,3796601
3796601,5803354
6472773,7488214
7488214,7924168
7924168,8773669
8773669,9446803
9446803,9648954
761870,1108653
2996603,3329325
3329325,6748343
237334,899868
899868,1107723
1107723,1262168
1262168,3155711
3605088,4703479
4703479,4889516
5403563,6688067
6688067,7482803
7482803,8006303
358935,1325310
1951003,3300137
3300137,4887974
265444,657480
657480,1335504
1335504,1539780
1539780,4437203
4485094,4694326
6414201,8304354
8304354,9343673
1042239,1099685
1099685,3070681
3070681,3644791
3733553,3796601
3796601,6251379
6251379,7312403
7312403,7488214
8773669,8849245
8849245,9646605
9646605,9648954
3617088,5122229
5122229,6316434
8559231,9903158
1512812,1539780
1539780,2557731
2557731,4152500
4152500,6104826
6150853,6383984
6383984,7021819
7143185,7824340
7824340,8176685
8176685,9163121
632733,1828765
1828765,2450631
2450631,3618929
3618929,4254801
4254801,4633468
4633468,6720291
723795,1008425
1008425,2002245
2002245,2208294
2208294,4081353
4081353,8145157
8269407,8310261
8310261,8500608
8500608,8792966
8792966,9235150
9235150,9835561
692000,2694551
2694551,3704975
3704975,3801387
3801387,3886700
3886700,4114200
4114200,7382085
7693415,7749502
8547708,8738143
8738143,9847414
20254,657480
734601,2302844
2302844,2339559
2339559,4385284
4385284,4437203
4437203,5148489
5148489,7142204
7142204,7220239
8304354,9149787
9149787,9550749
776885,1345545
1345545,2208294
2208294,2418903
2418903,3926067
3963387,6098411
6098411,7217524
7217524,7668108
7668108,8792966
8792966,9332393
9332393,9747887
1410666,3704975
3704975,4460853
5040278,6300974
6342564,7699467
7749502,8798873
8798873,9566729
9661339,9847414
877069,2989389
2989389,3849023
3849023,4110228
4110228,4810285
4810285,4926262
4926262,5156051
5156051,9127603
9127603,9346024
9346024,9885003
287186,969347
969347,1395282
1395282,2208294
2208294,2246297
2246297,2519664
3159236,3799186
4408096,5940630
5962281,7668108
7668108,7860355
8541748,8792966
8792966,9056360
917940,2358636
2358636,2544014
2544014,3113676
3113676,4450791
4450791,7000535
7000535,7359494
7359494,7696213
8358595,9043350
1505211,2108503
2108503,2379739
2379739,3254407
3254407,3852137
3852137,4598778
4598778,6517305
6517305,6901890
6901890,7989724
7989724,8376714
543005,865652
865652,918618
918618,2873241
2873241,4456681
4456681,5881209
5881209,7142204
7586194,7965597
8283551,9379021
734601,1099685
1099685,1345545
1345545,3154507
3154507,3644791
3733553,4107005
4107005,4437203
4437203,4450791
4450791,6608545
6608545,7220239
7220239,7312403
7312403,8304354
8304354,8405046
8405046,9646605
9646605,9747887
673861,917940
1100605,2516114
2516114,3772492
4383725,4910563
4910563,7379919
7379919,7439556
7439556,9611151
2369711,5363361
5363361,5692282
5692282,6664215
6664215,6733377
6868778,7838446
7838446,9098239
243281,1262168
1262168,2269245
2269245,3516180
3516180,5273972
5273972,5944195
5944195,7216299
734601,3544228
3544228,3852137
3852137,4437203
4437203,4679849
5149575,5513784
5513784,6279078
6279078,7220239
8304354,8376714
879619,923877
923877,3909590
4221562,4343154
4343154,5006531
5006531,5637348
5637348,9144640
9144640,9482301
1137183,1318687
2014824,4547033
4547033,4697645
4801259,6107824
6107824,6857715
6857715,7510992
7510992,8843242
8843242,9445859
9445859,9659167
519007,782585
782585,1010577
1010577,3243187
3243187,3327656
3327656,5426650
5426650,6004953
6004953,6665226
6665226,7023631
7023631,7181567
7217524,8444503
875724,1345545
1345545,1624599
1624599,2358636
3113676,5680669
5680669,6316434
6316434,8358595
8358595,8495879
8495879,8559231
8559231,9747887
9747887,9903158
692000,1192809
1192809,1607835
2875294,4114200
4114200,4629334
4629334,5872053
5872053,6087878
6087878,7873511
680167,3070681
3070681,3265717
3265717,3683732
3683732,3796601
3796601,3852137
3852137,5145379
5145379,5149575
5149575,7488214
7488214,8376714
8376714,8773669
8773669,9648954
1345545,1731843
1731843,1881166
1881166,8411386
8430533,9697885
9697885,9747887
734601,3376788
3376788,4437203
4624529,6702966
6702966,7220239
7220239,7690175
7690175,8304354
8304354,9934607
3097495,3133967
3133967,3243187
3617088,4923066
4923066,7183075
7183075,7668108
7668108,7699467
2269245,3243187
3617088,6087878
6087878,7021819
7217524,9163121
356887,983293
983293,2173800
2653201,3736288
3736288,4190023
4190023,6813857
7607295,7831428
8169346,9156870
22443,917940
917940,3624679
3624679,4450791
4450791,5803354
6472773,7818855
7818855,8019636
8019636,8285249
8738143,9446803
1464367,2159571
2246297,4408096
4408096,4601672
4601672,5179026
5179026,6375308
7854112,9709506
3305953,3658928
3658928,4241366
4241366,4266141
4266141,5004204
5004204,6102084
6102084,6932487
6932487,6965336
6965336,7151693
7151693,8269407
253125,1401355
2078816,3038381
3376788,3523421
3523421,4460853
4553156,4589085
4589085,7000535
7000535,8806545
8806545,9043350
519007,3714305
3714305,4601672
4601672,6396603
6396603,7249689
7638302,7854112
7854112,7899168
7899168,8211005
8211005,9709506
9709506,9931508
237334,1891858
1891858,2003178
2003178,4107005
4107005,4450297
4450297,5311138
5311138,6608545
6608545,7626020
7626020,8006303
8006303,8405046
8405046,9489898
213553,879619
879619,1731843
1731843,3662613
3662613,3909590
5006531,6397039
6397039,8411386
147890,2545832
2545832,3054240
5302972,5688609
5688609,7423858
7423858,7855122
7855122,8400023
346082,2606795
2606795,4576622
4576622,5392776
5392776,5840980
6625093,7402672
7402672,8400100
8400100,8553127
1262168,1726848
1726848,1940503
1940503,3119860
3119860,3535303
3535303,3972906
5162198,5300070
5300070,5426871
5426871,5934131
5934131,7021819
7021819,8653067
9163121,9176521
762581,2063291
2063291,3070681
5141972,7043800
7043800,7552513
7552513,7628339
7628339,7978539
7978539,9519922
1551765,3299026
3299026,4700013
4700013,4728000
5901841,8269407
8269407,9821288
782585,877069
877069,1335504
1335504,2049333
2049333,3254407
3254407,4110228
4110228,4910563
4910563,6165708
6165708,6517305
6517305,7377897
7377897,7989724
519007,1530044
6135695,6249996
6249996,7668108
9436501,9962313
3512776,5004204
6932487,7787911
7787911,8269407
358935,1008425
1008425,1137183
1137183,1325310
1951003,2002245
2002245,3300137
3300137,3687554
3687554,4081353
4081353,4547033
4547033,6845302
6845302,7510992
7699467,7907966
7907966,8950453
632733,983293
983293,1828765
1828765,3618929
3618929,4190023
4190023,4633468
3043002,5392776
5392776,6249996
6249996,8362967
8362967,8500608
8500608,8553127
1204725,4440196
4440196,4703479
4703479,5181345
5181345,6688067
6688067,7266270
680167,865652
865652,1042239
1042239,2873241
2873241,3070681
3796601,4601672
4601672,7488214
7488214,7586194
7854112,8773669
225398,1410666
1410666,2175203
2175203,3043002
3043002,4425430
4425430,4460853
5040278,5188912
5458500,6342564
1063944,1201931
1512812,2390353
2390353,5406955
5406955,7824340
7824340,8310261
1137183,1219314
2267184,3741380
3741380,3821869
3821869,4378391
4378391,4396992
4396992,4547033
4547033,5561624
5561624,6248059
6248059,6576157
6576157,7510992
7510992,8003859
8003859,8019636
8019636,8032149
8032149,8358595
8358595,8607269
8607269,8766093
154675,917940
1100605,1539780
1539780,2516114
4383725,7379919
7379919,8971732
9030050,9611151
1693740,3852137
3852137,5141938
5141938,6806907
6806907,8207725
126394,877069
877069,2951820
3963034,4110228
4110228,4214833
4214833,4515495
4515495,5730446
5730446,6514085
6514085,7192114
372553,938919
938919,1726848
1726848,1983823
3207155,4922586
4922586,5300070
5300070,5311138
5311138,5934131
5934131,6249996
6249996,6320510
6320510,7442588
9081730,9489898
3852137,8376714
131254,969347
969347,1629200
1629200,1888166
1888166,1918632
2225983,2514372
2514372,2519664
5962281,6376742
7056676,7860355
7860355,8500207
8500207,8541748
74511,375772
375772,869426
869426,3635162
3635162,4022816
5157717,7224971
7224971,7546675
7546675,8094554
9189489,9343673
9343673,9750362
869426,877069
877069,1330674
1330674,1410666
1410666,3305953
3305953,4022816
4022816,4110228
4110228,4241366
4241366,4460853
5040278,5157717
5157717,6342564
6342564,7151693
7151693,7546675
642255,5639402
3704975,4110228
5040278,7699467
389547,519007
519007,761870
761870,2383124
2383124,3512776
3512776,4533208
5707096,6748343
6748343,6851650
6851650,7089769
7089769,7726850
7726850,7787911
7787911,7902239
7902239,8006303
8006303,8591113
8591113,9049611
9049611,9332076
9332076,9543366
9673235,9798635
778726,1110841
1239705,1262168
1262168,1335504
1335504,1938482
1938482,2208294
2208294,4896196
4896196,6040403
6040403,6165708
6165708,7668108
8792966,8843242
20254,1468294
1468294,2339559
2339559,2990125
2990125,3070681
3070681,3884739
3884739,4573491
4573491,5148489
5148489,8266483
8266483,9149787
9149787,9519922
9519922,9590073
611627,3683228
3683228,5426650
5426650,8262635
1059680,5944195
5944195,7104728
7104728,7466511
7466511,7559231
7559231,8132688
3426819,3605088
3605088,4509207
4509207,6080932
6080932,7442588
7442588,8247566
8247566,8528902
8528902,8950453
8950453,9081730
391168,4266141
265444,1335504
244338,875724
1624599,1745047
1745047,3097495
4923066,5363361
5363361,5680669
5680669,6249996
6249996,6297224
6297224,6664215
6664215,9098239
9098239,9489898
9489898,9710749
519007,2072738
2072738,3714305
3714305,4391428
4391428,4702729
4702729,6396603
6396603,7000535
7000535,7899168
7899168,9043350
9043350,9453579
375772,2269245
2418903,3635162
3635162,7217524
7217524,8094554
1158189,1236221
1236221,2989389
2989389,4601672
4601672,4926262
4926262,5235051
5235051,7854112
7854112,9127603
9127603,9446803
9709506,9885003
769425,1236221
2495465,3365500
3365500,6454855
6454855,8266483
519007,6107824
6107824,6316434
8559231,8843242
9659167,9962313
193373,1726848
1726848,3036481
3036481,3535303
3535303,5300070
5934131,6420452
6420452,9176521
776885,1607835
2875294,2922749
2922749,3155711
3605088,3926067
3963387,5147734
5147734,5872053
5872053,6098411
6098411,7873511
7873511,9332393
422658,1820385
1820385,2088931
2088931,2315669
2315669,3520728
3520728,4509207
4509207,4682058
4682058,6221718
6221718,6302530
6302530,6467661
6467661,6733377
6733377,7318233
7512825,7922642
7922642,8043584
8043584,8528902
8608215,9885003
9885003,9919866
652500,2072738
2072738,2269245
2418903,3445422
3445422,4620715
4620715,5122443
5122443,7217524
7217524,7818855
7818855,8172612
8172612,8285249
2159571,3589430
3589430,3827532
3827532,6375308
6375308,7818855
7818855,7845220
7845220,8199539
8199539,8285249
8285249,8362967
2269245,2390611
2390611,2418903
2418903,2649455
2649455,4038207
4038207,4673764
4673764,5081646
5081646,7217524
7217524,9436501
969347,2519664
5940630,5944195
5944195,5962281
5962281,7559231
7559231,8541748
1464863,2302844
2302844,2369200
2369200,4385284
4385284,6747510
6747510,7142204
7142204,7699467
9540883,9550749
782585,923877
923877,1607835
1607835,4343154
5637348,7023631
7023631,8015555
8015555,8444503
8444503,9227021
9250604,9482301
22443,652500
652500,1147112
1147112,1671752
1671752,2208294
2208294,3058789
3445422,4836235
4836235,7244915
7244915,7668108
7668108,7818855
8285249,8792966
762581,1072937
1072937,4450791
4450791,4470855
4470855,4560119
4560119,4973290
4973290,6080932
6080932,7691059
7691059,8247566
8247566,8611689
8611689,9661339
2002245,2003178
2003178,2149268
2149268,3897666
3897666,4081353
4081353,4601672
4601672,6107824
6107824,8843242
9659167,9709506
3852137,4248625
4248625,7021819
7143185,8376714
8376714,9088070
9088070,9163121
2159571,3512776
3512776,4425430
4425430,5363361
5363361,6375308
6375308,7781294
7781294,7787911
317494,1748767
1748767,4341521
4671122,7831428
7831428,7924168
7924168,8150021
8150021,9823603
5146164,6611643
1192809,4868166
1204725,1219314
4378391,8003859
8003859,8411386
8430533,8607269
2418903,3683732
5145379,6976631
6976631,7217524
7217524,7722060
7722060,7958481
7958481,8529488
917940,1204725
1204725,4450791
4450791,5181345
413819,414613
611627,2683625
3072241,3683228
3683228,5082395
5082395,6316434
6316434,7431693
7431693,8262635
8262635,8559231
8559231,9786994
5702560,7021819
7143185,9163121
899868,1820385
1820385,4601672
4601672,4682058
4682058,4889516
5403563,7318233
7318233,7482803
7482803,7512825
7512825,7854112
776885,3926067
6098411,9332393
611627,981232
981232,3683228
3683228,5681120
6976631,8262635
9786994,9927060
253125,589303
589303,761870
761870,778726
1262168,1860732
1860732,1938482
1938482,2371179
2371179,2437628
2437628,3154507
3154507,4896196
4896196,5692282
5692282,6731602
6731602,6748343
6748343,6868778
6868778,6884295
6884295,6954518
6954518,8843242
8843242,8934656
8934656,9214534
9214534,9659167
3978657,4624529
4624529,6608545
9386362,9934607
356887,7021819
899868,3445422
3445422,3544228
4679849,4889516
4889516,5149575
5149575,5403563
5403563,6279078
6279078,7482803
7482803,7818855
1107723,1189992
1189992,2246297
2246297,3070681
3070681,4408096
4408096,4435223
4435223,4440196
4703479,5141972
5141972,5179026
5179026,5909814
5909814,6688067
6688067,7552513
7552513,8288259
879619,3152604
3152604,3540785
3540785,3909590
3909590,4179970
4179970,4221562
4221562,4553156
4553156,5006531
5006531,5363361
5363361,7245893
7245893,7485355
7485355,9144640
74511,1158189
1158189,5235051
5235051,9343673
22443,519007
1748767,2437628
2437628,3624679
3624679,5363361
6664215,7924168
7924168,9214534
1152023,1607835
1607835,2383124
2383124,3243187
3617088,7089769
7089769,8015555
237100,2641668
2641668,5141938
5141938,5273972
5273972,5657651
5657651,5866341
5866341,6297224
6297224,6772906
6806907,7423574
7423574,9340503
9340503,9673235
3963387,4560119
4560119,5944195
5944195,6098411
6098411,7559231
7559231,7691059
7691059,9332393
9332393,9661339
247334,278043
278043,414613
611627,1841603
2450631,3683228
3683228,5645259
5645259,5951354
5951354,7418419
7418419,8262635
8262635,8659741
8659741,9786994
477007,875724
875724,1325310
1325310,1624599
1624599,4864868
5104207,5363361
5680669,7298086
7781294,8553127
8553127,8854193
519007,969347
5962281,6297224
6297224,7860355
9056360,9710749
9710749,9962313
213553,1904687
1904687,2596035
2596035,5107156
6272792,6397039
6397039,7776951
7776951,7914737
252651,477007
477007,2173800
2653201,4601969
4601969,4810285
4810285,4864868
5104207,5156051
5156051,6000063
6000063,6813857
6813857,7298086
7298086,7607295
7607295,7668108
8854193,9346024
877069,1365030
3376788,3852137
3852137,4110228
4110228,9310318
3520728,5692282
6316434,6467661
6467661,6868778
6868778,7722060
8529488,8559231
8559231,9885003
3544228,4266141
4266141,5149575
5149575,6102084
6102084,6279078
6279078,6965336
6965336,7638302
3884739,4633468
4633468,6297224
6297224,9710749
652500,875724
1624599,2025652
2025652,5692282
5692282,6300974
6300974,6868778
6868778,7289826
7289826,9609378
9609378,9661339
3512776,7696213
7787911,8358595
8358595,8950453
8950453,9332076
918618,5881209
7142204,7965597
7965597,8310261
8310261,8485694
8485694,9235150
9235150,9656291
2358636,2649455
2649455,2770859
2770859,3113676
3113676,7668108
7668108,7696213
1059680,3926067
6098411,8132688
8132688,9332393
5300070,5707096
5707096,5934131
5934131,7726850
7726850,9176521
9176521,9543366
1042239,3070681
3796601,7488214
1345545,2063291
2063291,7043800
7043800,7628339
7978539,9747887
720154,1345545
1345545,1468294
1468294,2530894
2530894,3605088
3605088,3741380
3741380,5122229
5122229,8019636
8358595,9340065
243281,875724
1624599,3516180
3516180,5680669
5680669,7216299
225398,4038207
4673764,5188912
5458500,7668108
7668108,9436501
185163,1167643
1167643,1464863
1464863,1740880
1740880,2369200
2369200,3243187
3617088,4560119
4560119,4832581
6249996,9489898
611627,632008
632008,673861
673861,3683228
3683228,4910563
4910563,7439556
7439556,7762072
7762072,8262635
8262635,9340065
131254,875724
1624599,1918632
2225983,2358636
2358636,2514372
2514372,2989389
2989389,3113676
4633468,4926262
4926262,5680669
5680669,6376742
7056676,7696213
7696213,8310261
8310261,8358595
8358595,9127603
9127603,9235150
1410666,2072738
2072738,4391428
4391428,4460853
6342564,9453579
642255,4601969
4601969,5639402
5639402,8950453
1607835,3945513
3945513,4702729
6734406,8015555
519007,877069
877069,1010577
1010577,1624599
2088931,2450631
2450631,4110228
4110228,4186160
4186160,5319670
5680669,6300974
6300974,6456722
6456722,7181567
7217524,9566729
9661339,9903158
2358636,2917043
2917043,3113676
3113676,5045711
5045711,5192264
5192264,5402955
5402955,6384073
6384073,7696213
939129,3589430
3589430,6062910
6062910,6300974
6300974,6767666
7224971,7425929
7425929,9566729
1624599,2276715
2276715,4573491
4573491,6107824
6107824,8150021
8150021,8843242
8843242,8957255
8957255,9590073
9590073,9659167
1041999,1558846
1558846,2951820
2951820,3036481
3036481,3119860
3119860,3658928
3658928,3963034
3963034,4336755
4336755,4408096
4408096,4515495
4515495,5273972
5273972,5955694
5955694,6087878
6087878,6420452
6420452,6514085
7192114,7555785
7555785,7647557
7647557,7942267
7942267,8006303
8006303,8315672
8315672,8430533
1192809,3119860
3119860,4629334
4629334,6213056
6213056,8611689
8611689,8653067
237334,1008425
1008425,1607835
1607835,1748767
1748767,2002245
2002245,2875294
2875294,3849023
3849023,4081353
4081353,5141938
5141938,5872053
5872053,6772906
6806907,7739690
7739690,7873511
7873511,8077789
8077789,8924370
8924370,9346024
9346024,9931508
3265249,3327656
3327656,4425430
5618684,6535859
6535859,8677445
8677445,9661339
877069,1904687
1904687,2922749
2922749,4110228
4110228,5107156
5107156,5147734
5555992,6272792
6272792,7776951
1076695,1152023
1152023,1624599
1624599,2383124
2383124,5406955
5406955,5680669
5680669,7089769
2088931,3683732
3683732,4560119
4560119,5145379
5145379,5319670
5319670,7691059
7691059,9661339
1072937,2269245
2418903,4470855
4470855,5951354
5951354,7217524
7217524,7418419
1057049,2781716
2781716,3070681
3070681,4014227
4014227,5141972
5141972,5212441
5212441,7552513
3113676,6165708
6165708,6251379
6251379,6297224
6297224,7696213
8358595,8849245
8849245,9710749
877069,1152023
1152023,1199701
1199701,2383124
2383124,3598614
3598614,4110228
4110228,4526802
778726,1938482
2208294,2557731
2557731,4831795
4831795,4896196
4896196,6221718
6221718,6383984
6383984,6467661
6467661,7668108
1100605,1410666
1410666,2516114
4383725,4460853
6342564,7379919
7379919,9566729
9566729,9611151
9611151,9661339
154675,1158189
4831795,5235051
5235051,8971732
9030050,9340065
4266141,4509207
4509207,6102084
6965336,7021819
7143185,7359494
7359494,8528902
8608215,9163121
652500,1860732
1860732,2025652
2025652,2557731
2557731,6954518
6954518,7289826
7289826,9310318
9310318,9453579
9453579,9609378
9609378,9903158
428942,879619
879619,3909590
5006531,6375308
7845220,9144640
5156051,8927740
642255,3265717
3265717,3445422
3445422,4382581
4382581,4391428
4391428,4454451
4454451,5149575
5149575,5456421
5456421,5529558
5529558,5639402
5639402,7818855
917940,2302844
4385284,4450791
4450791,4624529
4624529,5273972
5273972,7142204
7142204,9550749
9673235,9934607
589303,1607835
1607835,1860732
1860732,3154507
3154507,6954518
6954518,8015555
8015555,9250604
126394,422658
924276,4214833
5730446,6733377
6733377,8043584
8043584,8950453
477007,1607835
2875294,4864868
5104207,5872053
5872053,7298086
7668108,7873511
7873511,8854193
2315669,2557731
2557731,6080932
6080932,6383984
6383984,8247566
20254,74511
74511,782585
782585,2339559
2339559,5148489
5148489,6304270
6304270,7023631
8444503,9149787
9149787,9343673
2911504,3849023
3849023,4530489
4530489,4810285
5156051,6329646
6329646,7481663
7481663,9250604
9250604,9346024
413819,1219314
1219314,1252050
1252050,2683625
2683625,3036481
3036481,3072241
3072241,4378391
4378391,5082395
5082395,6420452
6420452,7431693
7431693,8003859
98060,253125
1262168,1934812
1934812,1938482
1938482,3112270
3112270,4896196
4896196,5235058
414613,2302844
4385284,7142204
7142204,8262635
8262635,9550749
9550749,9786994
2105527,3821869
3821869,4682058
4682058,6248059
6248059,7104728
7104728,7318233
7512825,8639747
1934812,2589896
2589896,2911504
2911504,3112270
5235058,6749666
6749666,6767666
6767666,7144764
7144764,7425929
131254,1635674
1635674,1918632
2514372,3209978
3209978,6376742
7056676,7643722
7643722,8768923
2443023,2712802
2712802,6062683
6062683,6767666
2543105,4617927
4617927,5387901
5387901,5945370
5945370,6058066
6058066,7942267
7942267,9931508
213553,4700013
4700013,6397039
6397039,8269407
917940,1539780
1539780,1624599
1624599,3445422
3445422,4450791
5680669,7818855
7818855,8077789
8077789,8285249
8285249,8924370
252651,2125211
2641668,4340369
4340369,4601969
4601969,4633468
4633468,5956364
5956364,6000063
6000063,6234787
6234787,8036062
477007,1820385
1820385,4682058
4682058,4864868
7298086,7318233
7512825,7668108
244338,1745047
1745047,2378426
2378426,3252701
4167809,6297224
6297224,8459986
8459986,8950453
2514372,5311138
6249996,6376742
6376742,7021819
7021819,7056676
7056676,7143185
9163121,9489898
9489898,9867106
2996603,3043002
3043002,3045414
3045414,3329325
3329325,8500608
8500608,9118072
9118072,9835561
9835561,9901555
1624599,3827532
3827532,5680669
5680669,7691059
7691059,8362967
8362967,9661339
265444,899868
899868,1335504
1335504,1523986
1742449,2358636
2358636,2505504
2505504,4694326
4694326,4889516
5403563,5872053
6414201,6944526
6944526,7482803
7482803,7696213
185163,782585
782585,1464863
2369200,3704975
3704975,4560119
4560119,7699467
8547708,9835561
9835561,9847414
356887,762581
762581,4436309
5653106,6627944
6627944,8819211
8819211,8924370
356887,375772
375772,652500
875724,2025652
2025652,2712802
2712802,3635162
3635162,5680669
5680669,6767666
6767666,7668108
7668108,8094554
8094554,9609378
9609378,9750362
2875294,5872053
5872053,7512263
7512263,7873511
7873511,8283551
8283551,8310261
1607835,2049333
2049333,4629334
4629334,4910563
4910563,6087878
6087878,7000535
8015555,8837155
8837155,9043350
9043350,9250604
7536559,8738143
1325310,1505211
2379739,4598778
4598778,5363361
5363361,6901890
6901890,7781294
2437628,3849023
3849023,4341521
4671122,4810285
5156051,7831428
7831428,9214534
9214534,9346024
9346024,9823603
154675,213553
213553,1820385
1820385,3036481
3036481,3243187
3243187,4682058
4682058,6397039
6397039,6420452
6420452,7245893
7245893,7318233
7512825,8283551
8283551,8971732
9030050,9379021
564298,1345545
1345545,2269245
2418903,2543105
2543105,4241366
4241366,5680669
5945370,6316434
6316434,7217524
7217524,7942267
7942267,8559231
2875294,4391428
4391428,5872053
5872053,7873511
7873511,9453579
9453579,9962313
2606795,4533208
4533208,5840980
8400100,8591113
8591113,9673235
899868,917940
1204725,3445422
4450791,4889516
4889516,5181345
5181345,5403563
5403563,7266270
7266270,7482803
7482803,7813331
7813331,7818855
2003178,3097495
5122229,7021819
9163121,9340065
9340065,9867106
185163,481097
519007,762581
762581,1464863
1464863,1539780
1539780,1740880
2369200,3714305
3714305,4560119
4560119,6396603
7899168,8611689
8611689,9346024
543005,3983246
3983246,4382581
4382581,4456681
4456681,4574896
4574896,4643536
4643536,5456421
5456421,7021819
782585,3704975
3704975,4509207
4509207,4633468
4633468,7699467
7699467,8528902
8528902,8547708
196924,5922441
5922441,7668108
7668108,9346024
1938482,4896196
74511,3683732
3683732,4408096
4408096,5145379
5145379,7555785
7555785,7942267
7942267,9343673
2267184,3852137
3852137,4378391
4378391,6747510
7699467,7836648
7836648,8003859
8003859,8376714
8376714,8607269
8607269,9540883
1330674,1748767
1748767,3305953
4241366,5311138
5311138,5363361
5363361,6249996
6249996,7151693
7151693,7781294
7781294,7924168
7924168,9489898
1530044,2125211
2125211,2251185
2010964,3520728
6467661,7542927
9875159,9885003
3617088,7722060
7958481,8015555
8015555,8529488
8529488,9227021
356887,6300974
6300974,6306362
6306362,8189158
9379021,9661339
5104207,5692282
6868778,7298086
244338,1650896
1650896,1745047
1745047,2562158
2562158,3617088
3617088,4509207
4509207,6297224
6297224,7090502
7090502,9710749
3243187,3305953
3305953,3617088
4241366,7023631
7023631,7151693
7151693,8444503
422658,917940
917940,924276
924276,1100605
1100605,1204725
1731843,2516114
2516114,2649455
2649455,3378288
3378288,3772492
4383725,4450791
4450791,6733377
6733377,7379919
7379919,8043584
8043584,8411386
8430533,9611151
1410666,2159571
2159571,4460853
6342564,6375308
7845220,8971732
543005,1153231
1153231,2302844
4385284,4456681
4643536,6306362
6306362,7021819
7021819,7142204
7142204,7143185
7143185,8189158
8625526,9163121
9163121,9550749
9550749,9867106
5940630,6107824
8541748,8843242
734601,3378288
3378288,4437203
4437203,6165708
6165708,7067335
7067335,7220239
7220239,7739690
7739690,8077789
8077789,8304354
8304354,8924370
2049333,2989389
2989389,4702729
4702729,4910563
4910563,4926262
4926262,8162076
8162076,8837155
8837155,9127603
9127603,9885003
1330674,1624599
1624599,3305953
5680669,7151693
7151693,7469045
7469045,9962313
2505504,5610976
3378288,5311138
6249996,7067335
7067335,9489898
917940,2208294
2208294,3070681
3070681,3111934
3111934,4435223
265444,1204725
1204725,1335504
4694326,5181345
5513784,5872053
6414201,7266270
5653106,8310261
8485694,8819211
8819211,9235150
611627,3070681
3070681,3683228
3683228,4435223
7552513,8262635
8262635,9519922
9519922,9786994
2520300,4868166
4868166,6316434
6747510,7726391
7726391,7795466
7795466,7836648
8559231,8925957
8925957,9540883
762581,875724
917940,1624599
1624599,2520300
2520300,4450791
5680669,7795466
477007,1647759
1671752,3265717
3265717,3658928
3658928,4291060
4291060,4864868
5104207,5149575
5149575,7104728
7104728,7298086
7668108,8000788
8000788,8467968
8467968,8639747
8639747,8854193
8854193,9223996
632008,3070681
5141972,5402955
5402955,7552513
7552513,7762072
7762072,9343673
9343673,9519922
1042239,1345545
1345545,3070681
4601672,5311138
6249996,7488214
7488214,7854112
9648954,9709506
9709506,9747887
257150,262378
262378,875724
875724,1464367
1464367,1624599
1624599,1881166
1881166,2371179
2371179,3858279
3858279,5067054
5067054,5680669
5680669,6731602
6731602,7924168
7924168,8694856
8694856,8934656
8934656,9697885
422658,762581
762581,924276
924276,2545832
2545832,3043002
3043002,4624529
4624529,6733377
8043584,8500608
8500608,8611689
8611689,9835561
706958,1030238
1030238,2949364
2949364,3197755
3197755,3516180
3516180,4729830
4729830,6490117
6490117,7216299
7216299,9581141
3512776,3658928
3658928,3682518
3682518,7647557
8430533,9156870
9156870,9332076
20254,2339559
5148489,9149787
762581,2149268
2149268,2520300
2520300,2870905
2870905,5045711
5045711,7795466
147890,1983823
1983823,2545832
2545832,3207155
3426819,3897666
3897666,5688609
7423858,7442588
7442588,7855122
8400023,9081730
642255,1891858
1891858,4601672
4601672,5363361
5363361,5639402
5639402,6664215
6664215,7021819
7143185,7781294
7781294,7854112
7854112,8798873
8798873,9098239
9098239,9163121
9489898,9709506
9709506,9867106
1107723,4440196
1607835,2302844
7142204,8015555
8015555,8054114
8495879,9250604
9250604,9550749
9550749,9710749
1494219,3524993
3524993,3886700
3886700,6080932
6080932,6887254
6887254,7382085
7693415,8247566
981232,4038207
4673764,5681120
6976631,9436501
9436501,9927060
917940,2003178
2003178,3897666
3897666,4450791
2378111,5363361
5363361,5513784
5513784,7512263
7512263,7781294
7781294,8283551
8283551,9332393
9332393,9379021
692000,969347
2519664,3801387
3801387,5940630
5962281,7860355
642255,1671752
3054240,3243187
3617088,3858279
5302972,5639402
5639402,6566917
924276,3043002
3043002,6733377
8500608,8950453
8950453,9835561
1345545,3155711
3605088,4868166
4868166,5311138
6249996,7726391
7726391,8054114
8495879,9489898
9540883,9747887
1726848,2358636
3113676,3535303
3535303,3658928
3658928,5300070
5934131,7647557
7647557,7696213
8358595,8430533
969347,3159236
5940630,7394277
7394277,7860355
375772,3897666
3897666,4576622
4576622,6316434
6316434,7402672
7402672,8094554
734601,1204725
1204725,2390611
2390611,3054240
3054240,3683732
3683732,3858279
3858279,4437203
4437203,4536650
4536650,5145379
5145379,5181345
5181345,5302972
5302972,6249996
6249996,7220239
7220239,7266270
8430533,9489898
375772,2003178
2003178,2917043
2917043,3635162
3635162,3897666
3897666,8094554
879619,1201931
1512812,2208294
2208294,3909590
3909590,5006531
5006531,7668108
7668108,7824340
7824340,8792966
8792966,9144640
413819,2683625
3072241,5082395
5082395,7431693
2781716,3520728
3520728,4014227
5212441,6221718
939129,1262168
1262168,1345545
1345545,6062910
6062910,6932487
6932487,7425929
7425929,8269407
8269407,9747887
519007,1538796
1538796,2475849
2475849,2951820
2951820,3097495
3097495,3512776
3512776,3963034
3963034,4438557
4438557,4515495
4515495,6452311
6452311,6514085
7192114,7547133
7547133,7787911
9332076,9725401
9725401,9798635
2870905,3820268
3820268,5045711
5045711,6375308
6375308,7021819
7143185,7845220
7845220,9163121
3243187,3252701
4167809,5273972
5273972,5426650
6004953,8315672
1647759,2967869
2967869,3265717
4291060,9223996
346082,440787
440787,1378338
1378338,1668584
1668584,1687390
1687390,2606795
2606795,2755595
2755595,3348838
3978657,5692282
5692282,5840980
5840980,6868778
6868778,7709848
7709848,8400100
8400100,8510819
8510819,9389815
20254,652500
652500,1464863
1464863,2025652
2025652,2339559
2339559,2369200
2369200,3147266
3147266,4107005
4107005,5148489
5148489,7289826
7289826,7994224
7994224,8405046
8405046,8773669
8904624,9149787
9149787,9609378
346082,1153231
1153231,2475849
2475849,2606795
2606795,5840980
5840980,6306362
6306362,6625093
6625093,7451474
7451474,8189158
8189158,8400100
519007,1252050
1252050,2383124
2383124,3036481
3036481,3512776
3512776,6420452
6420452,7787911
7787911,8528646
8528646,9332076
477007,2358636
3113676,4864868
8358595,8854193
8854193,9235150
244338,917940
4383725,6297224
6297224,7379919
7379919,9611151
9611151,9710749
1983823,2003178
2003178,3207155
3426819,3945513
6734406,7442588
7442588,7721774
7721774,8568990
8568990,9081730
1647759,3243187
3243187,3265717
3265717,4107005
4107005,4291060
5149575,5426650
6004953,6608545
6608545,8405046
8405046,9223996
131254,564298
564298,1918632
2514372,2543105
2543105,5680669
5945370,6376742
7056676,7942267
2873241,4697645
6080932,7586194
7586194,8247566
8247566,8310261
247334,1204725
1204725,1650896
1650896,2450631
2450631,2562158
2562158,4044047
4044047,4509207
4509207,5181345
5181345,5645259
5645259,7090502
7090502,7266270
7266270,7466511
7466511,7813331
782585,1410666
1410666,3516180
3516180,3540785
3540785,4460853
4553156,4601969
6342564,7377897
7377897,7485355
7485355,8244425
1063944,1726848
1726848,2173800
2653201,3535303
3535303,3852137
3852137,5300070
5934131,6300974
7607295,8376714
8376714,9176521
9176521,9566729
22443,3207155
3207155,3265717
3265717,3512776
3512776,3624679
3624679,5149575
5149575,7000535
7000535,7244915
7244915,9043350
761870,1167643
1167643,3036481
3036481,4825361
5148489,6420452
6420452,6748343
6748343,7298386
7298386,8006303
8006303,8185016
1192809,1464367
1464367,2450631
2450631,4629334
4629334,6087878
6087878,6316434
879619,899868
899868,2010964
2010964,3909590
4221562,4889516
4889516,5006531
5006531,5395799
5395799,5403563
7482803,7542927
7542927,9144640
9144640,9875159
3265717,5149575
5149575,5363361
5363361,6165708
6165708,6664215
346082,4257391
4284537,5840980
5840980,7249689
7249689,7861097
7861097,8924370
2339559,3445422
3445422,4702729
4702729,5148489
5148489,6734406
6734406,7818855
8285249,9149787
969347,1345545
1345545,2519664
2519664,3097495
3097495,3159236
3159236,4923066
4923066,5940630
9659167,9747887
2875294,3376788
3376788,3714305
3714305,5872053
5872053,6396603
6396603,6702966
7690175,7899168
981232,4107005
4107005,5681120
5681120,6608545
6608545,6738417
6976631,8405046
8405046,9927060
3512776,4509207
4509207,4601672
4601672,7104728
7104728,7787911
7787911,7854112
7854112,8528902
8528902,8639747
8639747,9332076
9332076,9709506
9709506,9798635
1335504,1731843
1731843,1891858
1891858,5363361
5692282,6165708
6165708,6868778
6868778,7781294
7781294,8266483
8266483,8310261
8310261,8411386
8430533,8485694
8485694,8798873
8798873,9656291
9656291,9931508
2653201,6813857
2088931,2125211
2641668,5319670
5319670,9310318
1310368,5122443
5122443,5273972
5273972,7021819
7021819,8172612
8172612,8268341
8268341,8559231
8559231,9163121
9163121,9346024
9346024,9673235
9673235,9867106
3043002,6213056
6213056,8019636
8358595,8653067
5680669,7696213
1635674,3209978
3209978,6297224
6297224,7643722
8768923,9710749
154675,769425
769425,3365500
3365500,4340369
4340369,4591446
4591446,4601672
4601672,5956364
6234787,6454855
6454855,6609486
6609486,8036062
8036062,8310261
8310261,8971732
9030050,9235150
9235150,9709506
213553,5363361
5363361,6397039
6397039,7781294
247334,1841603
1841603,2276715
2276715,3741380
3741380,4043385
4043385,5645259
5645259,5680669
6609486,8150021
8150021,8358595
8358595,8403369
237334,356887
356887,2437628
2437628,8006303
8006303,9214534
375772,865652
865652,869426
869426,2649455
2649455,2873241
2873241,3635162
5157717,7546675
7546675,7586194
7586194,8094554
8094554,9750362
908908,1668584
1668584,2358636
3617088,3741380
3741380,3897666
3897666,7696213
8358595,8858546
9368710,9389815
1318687,1468294
1468294,2014824
2014824,3886700
3886700,4697645
4801259,6857715
6857715,7382085
7693415,9445859
1204725,2369711
2369711,5181345
5181345,6733377
6733377,7266270
7813331,7838446
7838446,8430533
3886700,4509207
4509207,7382085
7693415,8528902
519007,2276715
2276715,2911504
2911504,4257391
4284537,4530489
4530489,6080932
6080932,6249996
6249996,7861097
7861097,8150021
8150021,8247566
8247566,9332076
9332076,9489898
9489898,9798635
154675,519007
519007,684854
684854,2707963
2707963,3512776
3512776,6884295
6884295,7787911
7787911,8177802
8177802,9030050
9030050,9332076
2543105,3210508
3210508,5680669
5945370,6441487
6441487,7942267
7942267,8075785
652500,2025652
2025652,2269245
2418903,7289826
1204725,3155711
3605088,5181345
7813331,7854112
9709506,9852901
5006531,9144640
2543105,5363361
5945370,7394277
7394277,7781294
7781294,7942267
1687390,2755595
3978657,5378369
5378369,7709848
7709848,8510819
247334,1107723
1107723,2010964
2010964,4440196
4703479,5395799
5395799,6688067
6688067,7542927
7542927,9747887
9747887,9875159
1239705,3258796
5915173,6040403
6040403,7536559
1107723,2917043
2917043,4179970
4179970,4440196
4703479,4868166
4868166,5192264
5363361,6384073
6384073,6688067
6688067,6747510
1076695,3520728
3520728,3849023
3849023,4624529
4624529,5406955
5406955,6221718
6467661,7586194
7586194,9340065
9340065,9346024
9885003,9934607
1167643,2269245
2418903,3849023
3849023,4825361
5148489,7217524
7217524,9043350
720154,1204725
1204725,2530894
2530894,3154507
3154507,3445422
3445422,3897666
3897666,5122229
5122229,5181345
8430533,9340065
9340065,9852901
243281,3147266
3147266,3327656
3327656,5122229
5122229,6535859
6535859,7216299
7216299,7994224
8904624,9340065
358935,1635674
1635674,1951003
1951003,3209978
3209978,3300137
3300137,4601672
4601672,7512263
7512263,7643722
7643722,7854112
8162076,8430533
8430533,8768923
8768923,9709506
4682058,7318233
7512825,7831428
317056,2358636
2358636,2683625
3072241,3113676
3113676,5082395
7431693,7696213
266588,1671752
1671752,3154507
3154507,3520728
3520728,4338993
5702560,6566917
6566917,8266483
8266483,9885003
391168,1158189
1158189,1221080
1221080,4266141
4266141,5235051
5235051,6102084
7690175,7808450
865652,2269245
2269245,2358636
2358636,2418903
2418903,2873241
2873241,3113676
3113676,4408096
4408096,7217524
7217524,7377897
7377897,7555785
7555785,7586194
7942267,8358595
1607835,6304270
6304270,7991484
7991484,8015555
8015555,8287804
8287804,9250604
389547,1748767
1748767,5273972
5273972,6851650
7902239,7924168
7924168,9049611
9189489,9673235
9673235,9931508
67590,237100
237100,375772
375772,1287452
1287452,1607835
1607835,1761713
1761713,3572261
3572261,3635162
3635162,7729720
7729720,8015555
8015555,8094554
8094554,8768923
8768923,9189489
9189489,9227021
9250604,9750362
899868,4624529
4624529,4889516
7482803,8939533
8939533,9030050
9030050,9934607
126394,3147266
3147266,3445422
3445422,4214833
4214833,5513784
5513784,5730446
5730446,7818855
7818855,7994224
7994224,8285249
8285249,8773669
74511,243281
706958,3070681
3070681,3516180
3516180,3589430
3589430,7216299
7216299,9343673
2156620,2269245
2418903,3414611
3414611,7217524
925554,1252050
1252050,2475849
2475849,3036481
3036481,4703479
4703479,6420452
6420452,6796907
6796907,7451474
7451474,7995124
1153231,2369711
2369711,2911504
2911504,3258796
3258796,3741380
3741380,4530489
4530489,4813350
5803354,6306362
6306362,6733377
6733377,7838446
7838446,8019636
8019636,8189158
8189158,8358595
8358595,8625526
1410666,2076107
3154507,3985913
3985913,4043385
4043385,4460853
6342564,8405046
266588,652500
652500,769425
769425,2025652
2025652,5702560
5702560,6454855
6454855,7000535
7000535,7289826
7289826,9043350
9043350,9609378
154675,782585
782585,1072937
1072937,2917043
2917043,4470855
4470855,5192264
6384073,7023631
8444503,8971732
1310368,3258796
3258796,4450791
4450791,4813350
7536559,8151513
8151513,8268341
8268341,9446803
589303,1860732
3154507,3258796
3258796,5311138
6249996,6954518
6954518,7536559
9446803,9489898
375772,2208294
2208294,2570976
2636768,3635162
3635162,4460853
4460853,4576622
4576622,5040278
5040278,5803354
5803354,6027630
6027630,6472773
6472773,7668108
8094554,8792966
8792966,9189489
9189489,9446803
9446803,9750362
154675,684854
2707963,4241366
4241366,4624529
4624529,6884295
6884295,8177802
1153231,6306362
782585,879619
5006531,7023631
8444503,9144640
375772,3635162
3635162,8094554
8094554,8950453
8950453,9189489
1345545,2990125
2990125,3043273
3043273,3884739
4633468,8927740
8976229,9747887
519007,720154
720154,1318687
2014824,2530894
2530894,4697645
9445859,9962313
1671752,2049333
2049333,2378111
3821869,5803354
5803354,6248059
6472773,6517305
6517305,6566917
6566917,7021819
7143185,7989724
7989724,8559231
8559231,8950453
8950453,9163121
9163121,9332393
9332393,9446803
9446803,9867106
1410666,2475849
2475849,3043273
3043273,3254407
3254407,4460853
6342564,6517305
6517305,7451474
7451474,7989724
7989724,8976229
1072937,4470855
4470855,5803354
5803354,6107824
6107824,6472773
6472773,8843242
8843242,9446803
9446803,9659167
252651,257150
257150,1076695
1076695,1464367
1464367,1820385
1820385,4601969
4601969,4682058
4682058,5067054
5067054,5406955
5406955,6000063
6000063,7318233
7512825,7924168
1410666,3058789
3058789,4241366
908908,1607835
1607835,2010964
2010964,5395799
5395799,7542927
7542927,8015555
8015555,8858546
8858546,9227021
9250604,9875159
414613,3683228
3683228,8262635
923877,2475849
2475849,4343154
4343154,4868166
4868166,5637348
5637348,6747510
6747510,7000535
7000535,7451474
7836648,9043350
9043350,9482301
9482301,9540883
1167643,4825361
1410666,1650896
2562158,3659127
3659127,4460853
4460853,4509207
4509207,5040278
5040278,5136878
5136878,5328813
5328813,6316434
6316434,6342564
6342564,7090502
7090502,8559231
22443,1400643
1400643,1748767
1748767,2159571
2159571,2453615
2453615,3624679
3624679,6375308
519007,652500
2025652,2173800
6813857,7289826
7289826,7607295
7607295,8528902
8608215,9609378
9609378,9962313
375772,1539780
1539780,2072738
2072738,3445422
3635162,4391428
4391428,4633468
4633468,8285249
9189489,9453579
9453579,9750362
1167643,2149268
2149268,4588183
4588183,4825361
5148489,6687135
2159571,6062910
6300974,6375308
6375308,7425929
7425929,7668108
7668108,7845220
7845220,9566729
877069,1668584
1668584,3852137
4110228,5378369
5378369,6767666
6767666,7469045
7469045,8376714
8376714,9389815
1076011,3043273
3043273,3662613
3662613,4470855
4470855,4973290
4973290,7722060
8529488,8927740
8976229,9903158
346082,457836
457836,923877
923877,2454617
2454617,2606795
2606795,4343154
5637348,5840980
8400100,9482301
1330674,1551765
1551765,1607835
4241366,4700013
4700013,5363361
5363361,6107824
6107824,7151693
7151693,7668108
7781294,8015555
8015555,8269407
8269407,8843242
8843242,9227021
9227021,9659167
154675,2437628
2437628,2544014
2544014,7359494
7359494,8971732
9030050,9214534
923877,2712802
2712802,4343154
5637348,6767666
6767666,9482301
2208294,3714305
3714305,6396603
6396603,6609486
6609486,7668108
7668108,7899168
1158189,1345545
519007,632008
632008,3258796
3258796,3512776
4044047,4553156
4553156,4813350
5915173,7466511
7466511,7536559
7536559,7668108
7668108,7787911
8792966,8806545
8806545,9332076
9332076,9446803
98096,543005
543005,1607835
1607835,4456681
4643536,5077258
6868778,7956475
7956475,8015555
8015555,9857492
278043,879619
5006531,8659741
8659741,9043350
9043350,9144640
346082,5840980
726886,2545832
2545832,3376788
3376788,6316434
6316434,6702966
7690175,8559231
879619,1189992
1189992,3909590
5006531,5909814
8288259,9144640
782585,3445422
3512776,5122229
5122229,7023631
7023631,7787911
8285249,8444503
8444503,9332076
9332076,9340065
9340065,9798635
1607835,2159571
2159571,3258796
5915173,6132343
6132343,6375308
6375308,7536559
7536559,7845220
7845220,8015555
8015555,8266483
8266483,9250604
9250604,9446803
1410666,2801552
2801552,3445422
3445422,3710464
3710464,4460853
4460853,4729830
4729830,5040278
8285249,8639747
642843,3283568
3283568,4810285
5156051,6064879
6064879,6111140
6111140,6868778
6868778,9346024
9346024,9890949
341938,1726848
1726848,2450631
2712802,4186160
4186160,4633468
4633468,6064879
6064879,6456722
6456722,6767666
1167643,1888166
2315669,3682518
3682518,4470855
4470855,4825361
5148489,9156870
9156870,9903158
734601,3520728
3520728,4437203
4437203,6221718
6221718,7668108
8304354,9885003
331912,1464367
1464367,1530044
1530044,1671752
1671752,2246297
2246297,2251185
2995345,3662613
3662613,5179026
5179026,6135695
6135695,6566917
6566917,6624409
6624409,7699467
7699467,7707520
7707520,7907966
7907966,9436501
869426,875724
1624599,4022816
5157717,5680669
5680669,7546675
252651,1539780
1624599,3070681
4435223,4601969
4601969,5141972
5141972,5680669
5680669,5692282
6000063,7552513
7552513,8950453
734601,769425
769425,877069
877069,3365500
3365500,3594129
3594129,4437203
4485094,5944195
5944195,6397039
6397039,6454855
6454855,7245893
519007,2769327
2769327,3512776
3512776,5141938
5141938,5803354
6472773,6772906
6806907,7787911
7787911,8642316
8642316,9332076
9446803,9798635
252651,358935
3512776,4601969
4601969,6000063
6000063,7787911
969722,1335504
1335504,1365030
1365030,3376788
3376788,6165708
6165708,7186817
7186817,7318532
7318532,9810948
1558846,3043002
3043002,3119860
3119860,4336755
4336755,6087878
6087878,7510992
7510992,8500608
2873241,4633468
4633468,7021819
611627,813026
813026,1298174
1298174,1468294
1468294,2159571
2159571,2456244
2456244,3683228
3683228,4927906
4927906,6375308
6375308,7682307
7682307,7845220
7845220,8262635
8659741,8937619
8937619,9786994
2450631,2544014
2544014,2917043
2917043,3155711
3605088,5147734
5147734,5192264
5192264,5645259
5645259,6300974
6300974,6384073
6384073,9566729
375772,2063291
2063291,3635162
3635162,3771538
3771538,6703678
6703678,8094554
266588,1891858
1891858,4338993
4338993,4601672
4601672,5702560
5702560,7854112
8798873,9709506
2358636,3054240
3054240,3113676
3113676,3852137
3852137,3858279
4536650,4641731
4641731,5302972
5302972,5692282
6868778,7696213
1192809,1318687
2014824,2088931
2088931,3207155
3426819,4629334
4629334,4697645
4801259,5319670
5319670,6087878
6087878,6857715
6857715,7442588
7442588,7493456
7493456,9081730
9081730,9445859
9445859,9903158
1041999,1236221
1236221,1558846
1558846,2495465
3119860,3985913
4043385,4336755
4336755,5955694
2159571,2951820
4515495,6375308
2208294,7668108
7668108,7854112
7854112,7914737
7914737,8054114
8495879,9709506
9709506,9710749
1860732,2390611
2390611,3540785
4553156,6767666
6767666,6954518
6954518,7224971
7224971,7485355
7485355,7512263
611627,1057049
1057049,2002245
2002245,2781716
2781716,2922749
2922749,3243187
3683228,4014227
4014227,4081353
4081353,5147734
5147734,5212441
5212441,5555992
5555992,6080932
8247566,8262635
1076695,1624599
3445422,5363361
5363361,5406955
5680669,7781294
7781294,7818855
8285249,9214534
4553156,7699467
7907966,8806545
8806545,9566729
2545832,2911504
4530489,5688609
5302972,8288259
391168,3523421
3523421,4266141
4266141,4589085
4589085,5803354
5803354,6102084
6102084,6472773
6472773,6965336
7690175,9446803
918618,939129
939129,5881209
5881209,6062910
6062910,7142204
7142204,7425929
7668108,7965597
7965597,8015555
9250604,9661339
2358636,2475849
3097495,3113676
3113676,4107005
4107005,6608545
6608545,7547133
7547133,7696213
8358595,8405046
8405046,9725401
1464863,1607835
1607835,2369200
2369200,2875294
589303,3154507
3154507,4601672
4601672,5122229
5122229,6954518
6954518,7668108
7854112,9340065
9340065,9709506
642843,1650896
2562158,3283568
3283568,4509207
6080932,6111140
6111140,7090502
7090502,8247566
8247566,9890949
589303,1325310
1325310,1860732
1860732,2873241
2873241,3154507
3154507,5363361
5363361,6080932
7586194,7781294
7781294,8247566
391168,917940
917940,1041999
1558846,3119860
3119860,3736288
3736288,4266141
4266141,4336755
6087878,6102084
6102084,7690175
7690175,7831428
7831428,9566729
1063944,1748767
1748767,2208294
2208294,2390353
2390353,3704975
3704975,3849023
3849023,7668108
7749502,7924168
7924168,8547708
8547708,8792966
8792966,9346024
9346024,9847414
356887,923877
923877,1468294
1468294,4343154
4343154,4574896
4574896,4973290
4973290,5637348
5637348,7845220
7845220,8827280
8827280,9482301
20254,1318687
2014824,2339559
2339559,3043273
3043273,4697645
4801259,5148489
5148489,6857715
6857715,8927740
8976229,9149787
9149787,9445859
1464367,3207155
3207155,3540785
3540785,4340369
4340369,4553156
4553156,4601672
4601672,5067054
5067054,5956364
6234787,7442588
7442588,7485355
7485355,7854112
7854112,8036062
8036062,9709506
2875294,2951820
4515495,5812186
5812186,5872053
5872053,6514085
7192114,7668108
7873511,7926294
1076011,1204725
1731843,3520728
3520728,3662613
3662613,6107824
6107824,6221718
6221718,6300974
6300974,6467661
7668108,8411386
8430533,9659167
9659167,9885003
1335504,2873241
2873241,3658928
3658928,4059788
4059788,6165708
6165708,7586194
7586194,7647557
680167,983293
983293,1042239
3796601,5363361
5363361,7488214
7488214,7781294
7781294,8773669
440787,632008
632008,1204725
1204725,3348838
3978657,5402955
5402955,7709848
7709848,7762072
7762072,8411386
8430533,8510819
213553,266588
266588,908908
908908,1671752
1671752,1891858
1891858,3594129
3594129,4241366
4241366,5702560
5702560,6397039
6397039,6566917
6566917,6608545
6608545,8798873
8798873,8858546
519007,611627
611627,1983823
3426819,3445422
3445422,3683228
3683228,6080932
7442588,7818855
7818855,8247566
8262635,8285249
8285249,9081730
9081730,9786994
9786994,9962313
1011862,1551765
1551765,2390353
2390353,3821869
3821869,4601969
4700013,5877029
5877029,6248059
6248059,6624695
6624695,8269407
8269407,9524295
918618,1650896
4509207,5881209
5881209,7021819
7021819,7090502
7090502,7142204
7512263,7965597
7965597,8283551
8283551,9163121
1262168,1983823
1983823,3426819
3426819,4973290
4973290,6165708
6165708,6767666
7224971,7469045
7469045,7493456
519007,959048
959048,2265941
2265941,3714305
3714305,5656560
6360953,6396603
7899168,8527380
673861,1072937
1072937,1325459
1325459,1820385
1820385,2443023
2443023,4470855
4470855,4682058
4682058,4910563
4910563,7318233
7318233,7439556
7439556,7512825
399723,519007
3512776,6251379
6251379,7104728
7787911,8639747
9332076,9607579
9607579,9798635
1221080,1464367
1464367,2003178
2003178,4450297
4450297,4460853
4553156,5067054
5067054,7626020
7626020,7808450
7808450,7924168
7924168,8806545
2450631,2475849
2475849,3540785
3540785,4254801
4254801,4553156
4553156,4868166
4868166,5363361
5363361,6297224
6297224,6747510
6747510,7451474
7451474,7485355
7485355,7699467
7726391,7781294
7781294,7836648
7836648,8495879
8495879,9540883
9540883,9710749
1137183,2002245
2002245,4081353
4547033,4641731
5146164,5392776
5392776,6611643
6611643,7510992
7510992,7722060
8529488,8553127
427346,3569299
4199845,5667140
6559867,7845220
243281,356887
356887,611627
611627,1236221
1236221,1668584
1668584,2495465
2495465,3683228
3683228,4574896
4574896,5378369
5378369,7216299
7216299,9389815
9389815,9786994
358935,762581
762581,1325310
1325310,3070681
3070681,3300137
3300137,4435223
213553,1345545
1345545,1523986
1742449,2390611
2390611,2505504
5610976,6397039
6397039,6944526
6944526,9747887
5156051,6107824
6107824,8285249
8285249,8411386
8430533,9043350
9043350,9346024
